394 680 302 533 2 348 608 295 528 401 687
255 461 174 326 2 214 394 166 325 262 462
606 578 515 425 2 559 500 505 424 612 576
496 407 358 190 1 424 296 345 178 502 414
645 546 555 396 2 604 470 552 393 655 547
623 461 575 393 0 596 425 570 391 621 459
735 495 672 534 0 704 515 0 0 0 0
702 281 803 446 2 761 368 705 282 816 453
858 418 743 230 2 796 325 726 226 865 424
834 28 908 145 2 879 83 835 21 922 145
917 179 988 290 4 957 236 913 174 1000 298
337 485 199 259 1 270 381 179 259 360 502
