62 334 41 465 2 48 400 29 330 67 469
110 420 155 90 2 135 257 91 87 178 426
266 522 169 508 2 218 515 166 498 270 531
158 523 106 514 0 132 519 0 0 0 0
389 333 420 97 2 411 215 378 91 444 339
371 390 359 484 2 364 437 345 385 382 489
394 544 524 562 2 460 551 390 532 529 570
596 366 570 537 2 581 452 558 363 603 541
604 306 627 134 2 613 216 592 126 634 306
654 312 678 137 2 667 224 649 135 685 313
648 367 623 541 2 634 455 613 366 654 543
824 569 847 373 2 838 471 814 372 862 570
857 301 881 129 2 869 210 849 121 889 298
971 105 924 418 5 947 264 912 102 981 426
