98 183 218 100 2 164 144 96 100 231 187
263 138 137 229 2 196 189 126 139 266 238
419 25 304 108 2 363 71 299 27 426 115
401 232 536 142 2 469 192 397 141 541 242
557 180 437 259 2 494 227 433 183 555 271
656 316 557 390 2 608 357 553 316 662 398
488 436 388 507 2 437 474 380 434 494 513
556 442 415 540 2 480 496 404 443 555 549
680 343 581 420 2 633 385 581 346 684 424
778 468 716 382 2 745 428 710 381 780 474
625 598 526 667 2 576 641 522 601 629 680
658 621 559 691 2 608 664 553 625 662 703
