236 304 248 436 2 243 372 227 306 259 438
583 419 567 263 2 575 341 559 264 591 417
596 389 581 261 2 591 325 577 259 604 391
575 221 555 60 2 565 140 547 57 582 222
607 175 597 70 2 616 117 601 51 630 183
623 183 609 57 2 616 117 601 51 630 183
638 179 623 53 2 631 116 615 48 646 183
628 398 623 345 0 626 372 0 0 0 0
619 318 614 253 0 617 286 0 0 0 0
638 398 631 345 0 635 372 0 0 0 0
631 311 624 261 0 628 286 0 0 0 0
648 395 641 339 0 645 367 0 0 0 0
640 307 638 259 0 639 283 0 0 0 0
675 568 666 468 2 670 519 658 468 682 570
683 711 679 655 0 681 683 0 0 0 0
770 409 781 524 2 779 466 769 412 789 520
833 543 812 344 5 824 442 796 339 852 544
956 515 917 167 5 931 340 886 166 976 513
