418 246 231 257 2 327 252 231 236 423 267
768 250 939 246 2 852 245 765 229 939 260
796 265 921 260 2 859 261 793 253 925 268
784 281 923 275 2 858 278 784 271 932 285
745 323 970 324 2 859 323 747 308 971 337
716 439 887 426 2 805 429 725 419 884 438
733 457 880 445 2 805 452 726 437 883 466
712 476 877 465 2 797 467 716 454 878 480
724 511 870 510 2 794 509 718 500 870 517
705 533 873 529 2 785 531 697 518 873 544
716 556 870 553 2 805 557 722 546 887 567
170 555 426 529 1 300 542 168 510 431 573
722 229 465 242 1 594 233 464 208 723 257
