596 309 422 306 1 510 304 422 288 597 320
103 303 209 306 2 158 306 106 299 210 312
55 323 216 329 2 134 324 52 312 216 336
402 322 277 319 2 343 319 279 312 407 326
407 333 280 332 2 342 336 276 329 407 342
210 364 65 361 2 139 362 65 354 212 370
214 381 82 380 2 149 379 82 371 216 386
387 371 265 369 2 325 367 261 358 389 376
392 389 267 382 2 330 386 267 378 392 393
404 403 268 401 2 334 403 268 396 400 409
329 498 187 490 2 255 494 181 481 329 506
326 517 182 511 2 256 512 182 501 329 523
168 546 296 547 2 236 543 172 532 299 553
150 565 299 568 2 225 567 151 555 299 578
473 703 406 702 3 440 702 404 693 476 711
565 673 482 673 3 531 673 485 663 576 682
513 573 449 576 3 479 574 442 565 516 582
513 589 440 592 3 477 589 437 580 516 597
500 600 446 600 3 472 599 437 591 506 607
389 552 323 549 3 354 548 320 541 388 555
