452 168 261 187 1 357 177 259 154 455 200
756 118 620 129 2 690 123 620 109 759 137
376 216 234 232 2 304 226 231 212 377 240
377 238 236 253 2 308 247 235 232 381 261
563 200 425 211 2 496 204 425 191 566 217
556 218 431 229 2 494 228 428 216 559 239
510 353 387 363 2 446 358 381 346 511 370
484 389 362 403 2 424 394 361 381 486 406
608 376 511 389 2 564 380 514 372 613 387
609 392 505 402 2 557 400 505 388 609 412
603 409 504 420 2 554 417 501 403 606 430
465 546 593 532 2 528 539 465 526 591 551
759 648 655 659 2 705 651 651 642 759 660
756 662 656 670 2 711 668 656 659 766 676
681 517 619 531 3 645 526 609 514 681 538
789 510 723 520 3 757 514 724 504 790 523
