182 690 182 581 2 181 636 172 579 189 692
195 689 197 586 2 197 637 189 581 205 693
322 405 324 532 2 322 471 312 406 332 536
451 557 446 456 2 447 509 439 456 455 562
466 566 461 465 2 461 514 452 465 470 563
480 566 478 471 2 481 514 474 466 488 562
480 439 479 308 2 478 377 472 312 484 442
516 472 513 344 2 513 408 502 342 524 473
640 349 639 204 2 641 276 633 202 649 350
660 347 658 202 2 657 274 648 202 666 346
646 529 641 401 2 642 464 635 401 649 526
660 537 664 401 2 662 470 653 398 670 541
701 428 701 239 1 705 337 687 239 723 435
726 739 727 598 2 725 669 715 598 734 739
874 689 870 506 5 872 599 855 502 889 696
362 648 358 714 3 362 678 353 636 370 720
