88 156 53 336 2 68 249 40 154 95 343
163 174 142 306 2 150 243 130 171 170 315
98 486 134 334 2 118 410 92 333 143 487
448 238 411 354 2 428 296 403 235 453 357
339 552 390 403 2 367 475 330 396 403 553
444 486 511 309 2 477 396 429 298 525 493
594 366 627 306 2 611 338 591 300 630 375
670 607 547 597 2 608 602 546 586 669 617
665 673 547 661 2 604 666 543 651 665 681
666 711 528 702 2 598 706 528 693 667 719
546 496 517 558 3 528 527 511 498 544 556
576 399 546 462 3 559 431 541 399 577 462
586 400 561 465 3 571 425 555 393 586 457
