232 48 347 42 2 292 42 233 33 350 51
241 70 338 73 2 291 73 235 63 346 82
247 97 349 97 2 294 95 241 85 346 105
383 562 278 580 2 332 570 275 559 388 580
412 580 280 597 2 341 589 269 573 412 604
759 510 936 498 2 843 500 747 483 939 516
868 673 967 667 2 920 668 867 658 972 678
868 691 975 687 2 919 690 865 679 972 700
790 331 913 324 2 848 329 784 315 912 343
823 247 922 261 2 873 258 817 241 928 274
793 211 921 220 2 861 217 792 202 930 231
778 199 931 186 2 853 193 775 181 930 205
