53 302 78 388 2 66 345 46 301 85 388
83 303 100 363 0 93 333 80 300 106 366
118 284 166 386 2 144 337 115 280 172 393
131 278 178 379 2 156 331 127 277 185 385
242 476 408 428 2 328 448 241 415 415 481
248 501 414 453 2 333 475 245 445 420 505
294 501 347 485 0 333 475 245 445 420 505
533 273 433 399 2 482 338 429 273 534 403
546 285 449 411 2 497 348 444 282 549 414
561 295 459 424 2 508 361 453 292 562 429
575 306 471 436 2 522 372 468 304 576 439
812 588 768 716 2 787 654 757 588 817 720
