157 492 81 661 2 115 579 66 490 165 668
257 235 310 98 2 284 166 253 92 314 239
312 240 363 108 2 339 171 308 103 369 240
298 226 347 104 2 324 162 297 100 351 224
422 247 492 66 2 461 152 420 58 501 246
482 251 532 120 2 510 182 479 113 541 251
466 242 514 118 2 489 179 462 116 516 243
197 430 170 483 0 19 754 19 754 19 754
203 414 148 391 0 19 754 19 754 19 754
85 359 138 385 0 19 754 19 754 19 754
132 269 107 324 0 19 754 19 754 19 754
405 531 344 682 2 371 605 333 525 409 685
501 294 418 503 1 462 397 406 286 518 508
