144 743 194 581 2 175 660 147 573 203 747
191 756 238 590 2 216 674 186 589 246 758
214 754 257 606 2 236 678 213 605 258 751
332 736 378 551 2 362 639 331 551 393 728
360 719 396 561 2 384 636 360 561 408 712
378 727 419 572 2 399 648 376 568 422 728
413 762 458 583 2 440 675 411 584 469 766
443 750 484 584 2 464 665 438 577 491 754
468 754 507 580 2 491 674 466 589 517 758
768 336 823 455 2 799 394 773 336 825 451
910 253 950 397 2 931 326 907 253 954 399
737 -1 765 119 2 752 54 736 -7 769 115
