424 513 250 503 2 340 508 250 493 429 522
750 509 909 513 2 828 514 747 500 909 529
776 495 892 500 2 834 499 773 492 896 506
765 480 894 486 2 833 483 765 477 902 490
728 441 938 440 2 834 442 730 428 939 455
701 333 860 346 2 784 343 710 334 858 352
717 317 854 328 2 784 322 711 308 857 335
698 299 851 309 2 777 307 701 295 852 319
709 266 845 267 2 774 269 703 261 845 277
691 246 847 250 2 766 248 684 236 847 260
701 225 845 227 2 784 224 707 214 860 234
194 226 432 250 1 314 238 192 209 436 267
707 529 468 517 1 587 525 467 503 708 548
