916 383 806 408 2 858 399 801 379 915 419
653 414 743 393 2 697 403 650 390 744 416
600 340 569 216 2 584 276 561 214 606 338
508 235 541 358 2 526 296 503 231 548 361
455 246 482 344 2 468 294 453 244 482 344
520 459 484 359 2 499 406 478 353 519 460
361 518 313 420 2 337 467 310 413 365 522
265 313 298 389 2 284 349 260 308 308 390
286 482 226 356 2 255 418 216 354 293 481
136 579 222 562 2 181 568 136 555 225 581
145 622 229 604 2 187 612 145 599 230 625
146 647 238 633 2 191 639 143 625 240 652
215 469 196 427 3 205 452 192 431 217 472
