97 607 63 431 2 77 517 51 424 104 609
171 589 150 460 2 158 522 138 452 177 592
107 285 142 433 2 126 359 101 284 151 434
449 527 413 414 2 429 470 405 411 454 530
342 220 392 366 2 369 296 334 219 405 373
445 285 510 457 2 477 373 430 278 524 468
591 402 623 460 2 607 430 588 393 626 466
665 167 545 176 2 604 172 544 157 664 187
661 102 545 114 2 601 109 541 94 661 124
662 65 527 74 2 595 70 527 57 663 83
544 275 516 214 3 526 245 510 216 542 273
574 370 544 308 3 557 339 540 308 575 370
583 369 559 305 3 568 344 553 313 583 375
