219 19 321 39 2 268 31 210 16 327 45
604 197 643 105 2 627 151 601 101 652 201
638 176 663 111 0 9 762 9 762 9 762
679 180 693 118 0 9 762 9 762 9 762
667 163 683 114 0 9 762 9 762 9 762
865 260 891 189 0 879 224 861 186 897 262
960 280 977 188 2 970 234 955 185 986 282
64 447 69 582 2 71 513 55 441 87 584
148 501 151 573 0 149 536 140 498 157 575
167 497 167 569 0 168 534 160 497 177 571
280 493 289 593 2 285 540 272 487 297 593
394 469 363 608 2 378 538 354 468 402 609
464 471 430 624 2 448 547 421 470 474 624
540 438 515 621 2 527 529 502 435 552 623
568 526 558 629 2 566 577 554 526 579 629
655 512 652 624 2 657 561 643 505 670 617
686 568 680 628 0 654 568 643 510 665 626
