216 739 338 746 2 279 746 217 736 341 755
226 716 328 713 2 278 713 219 703 337 723
232 688 340 688 2 281 690 226 679 337 700
376 197 265 178 2 321 189 262 178 381 200
406 178 267 160 2 331 169 255 153 406 185
772 252 959 264 2 861 263 760 245 962 280
887 80 992 86 2 942 85 886 75 997 96
887 61 1000 65 2 941 62 884 51 997 73
805 441 935 448 2 866 443 799 428 934 458
840 529 944 514 2 892 518 834 501 951 536
808 567 943 558 2 880 561 807 546 953 577
792 580 954 594 2 871 586 789 574 953 599
