329 614 280 574 0 43 736 43 736 43 736
353 604 270 520 2 310 562 264 518 356 607
402 560 481 477 2 443 519 402 475 483 563
479 464 396 379 2 440 420 397 375 483 466
623 325 520 275 2 569 297 516 269 622 326
668 233 565 183 2 617 208 565 181 669 235
766 187 629 128 2 699 157 626 123 771 192
563 87 608 108 0 43 736 43 736 43 736
621 77 581 58 0 43 736 43 736 43 736
657 88 762 135 2 711 116 655 87 768 145
568 556 597 518 8 596 524 564 493 629 554
699 422 752 365 8 740 385 699 346 781 425
