90 693 21 623 2 53 657 15 621 90 693
181 538 82 432 2 132 489 79 436 184 542
198 508 100 407 2 150 458 101 401 200 515
519 687 526 544 2 523 615 510 538 536 691
542 708 544 538 2 545 623 536 538 554 708
561 700 563 542 2 563 618 553 537 573 699
776 537 775 704 2 775 624 759 541 792 707
829 552 835 725 2 832 638 821 552 843 725
592 335 622 247 0 608 290 587 247 630 333
553 68 683 132 2 621 104 554 69 688 140
584 41 697 92 2 640 68 582 39 698 97
549 416 585 358 3 568 382 551 354 585 410
