234 601 111 558 2 173 578 111 554 234 602
241 591 126 545 2 184 569 123 545 245 592
247 578 129 533 2 186 554 127 532 244 576
286 465 153 414 2 216 439 147 408 285 469
263 436 155 399 2 210 417 155 393 264 440
276 426 160 384 2 218 404 155 380 280 428
306 403 173 352 2 242 376 178 350 306 402
299 381 179 335 2 242 358 178 335 307 381
307 366 186 314 2 246 338 184 313 309 363
655 416 601 299 2 629 359 597 300 662 418
700 400 642 283 2 666 340 636 276 697 403
823 205 873 327 2 848 266 820 202 875 329
952 46 940 181 2 942 117 930 49 954 184
176 44 140 258 1 157 151 124 44 190 257
524 202 523 139 3 522 166 515 135 529 197
533 197 534 131 3 534 166 529 135 540 197
544 200 546 136 3 546 168 540 138 551 197
