605 721 526 733 0 -22 786 -22 786 -22 786
694 700 783 686 0 739 691 691 676 788 706
537 700 615 685 0 -22 786 -22 786 -22 786
628 683 789 650 2 712 667 629 641 794 694
807 645 817 522 2 813 585 800 520 825 651
826 472 838 367 2 835 422 822 369 848 475
873 435 850 611 2 859 522 836 429 883 616
669 486 692 441 0 -22 786 -22 786 -22 786
559 630 564 581 0 -22 786 -22 786 -22 786
548 556 541 600 0 -22 786 -22 786 -22 786
410 619 434 640 0 -22 786 -22 786 -22 786
581 476 595 357 2 593 419 575 356 611 482
376 356 497 366 2 436 363 375 350 497 376
522 374 527 330 0 -22 786 -22 786 -22 786
77 286 225 306 0 150 294 76 276 224 312
288 552 371 554 0 -22 786 -22 786 -22 786
-4 277 63 286 0 -22 786 -22 786 -22 786
180 216 237 221 0 -22 786 -22 786 -22 786
186 209 235 210 0 -22 786 -22 786 -22 786
197 163 247 168 0 -22 786 -22 786 -22 786
202 139 249 143 0 -22 786 -22 786 -22 786
404 15 284 46 2 342 35 281 13 403 57
480 13 541 66 0 513 41 475 9 550 74
556 79 555 124 0 -22 786 -22 786 -22 786
538 185 541 141 0 -22 786 -22 786 -22 786
548 191 551 139 0 -22 786 -22 786 -22 786
