215 112 139 51 2 175 79 134 48 215 110
428 246 336 164 2 378 204 332 157 425 250
503 331 429 271 2 464 301 428 271 500 331
662 366 567 346 2 613 355 564 339 662 371
703 281 594 225 2 647 249 588 216 705 283
658 379 565 357 2 613 366 563 351 662 382
517 359 421 281 2 469 316 420 274 518 358
411 256 318 174 2 363 211 317 166 410 255
207 121 132 61 2 170 92 128 58 211 125
199 130 125 68 2 163 98 123 65 203 131
398 271 305 189 2 350 229 301 184 399 274
386 286 292 204 2 337 243 287 200 386 286
507 371 413 291 2 460 330 410 288 510 373
499 382 405 302 2 451 338 401 295 500 382
657 390 562 368 2 610 378 559 363 660 392
653 401 558 380 2 606 389 558 374 654 405
650 413 556 390 2 606 401 556 387 655 416
