269 475 130 466 2 202 469 130 456 273 483
272 453 134 440 2 202 447 130 435 273 458
274 433 135 420 2 203 425 132 414 274 435
281 409 145 399 2 215 405 143 392 287 417
438 478 302 473 2 372 476 302 470 443 483
440 462 305 457 2 370 460 300 453 440 467
438 447 304 443 2 371 444 301 438 441 450
408 430 305 429 2 352 431 301 424 403 437
549 248 415 273 2 481 264 411 243 551 285
597 400 498 447 2 545 425 493 400 596 450
591 390 491 437 2 538 414 486 389 589 440
582 379 486 424 2 532 401 481 377 583 425
579 365 481 413 2 525 390 476 364 574 417
