614 587 475 578 2 544 583 475 568 612 597
456 465 561 465 2 511 465 456 459 566 470
577 483 698 481 2 634 480 576 473 693 487
577 465 687 468 2 633 467 576 460 690 473
736 343 726 230 2 731 286 721 230 741 341
749 341 738 232 2 744 286 735 232 753 341
763 341 753 230 2 756 283 748 227 764 339
811 334 799 224 2 803 278 794 224 812 333
826 330 811 219 2 817 276 807 220 826 333
837 328 825 220 2 830 273 819 216 842 330
850 329 839 220 2 844 274 834 220 855 328
865 325 850 220 2 856 271 845 215 867 328
