358 627 478 629 2 420 629 357 619 483 639
515 666 651 669 2 584 668 515 661 653 676
514 652 649 653 2 582 651 510 646 653 657
488 634 656 639 2 570 633 484 624 656 642
688 511 669 404 2 678 456 665 402 691 511
698 508 684 403 2 688 453 679 398 698 508
708 506 696 402 2 699 456 690 402 708 510
778 517 772 388 2 772 451 765 387 779 516
787 511 785 387 2 785 449 779 384 790 513
800 507 799 388 2 799 447 792 384 807 510
864 487 842 382 2 852 435 836 382 867 487
873 485 852 379 2 863 433 847 381 878 485
886 483 866 379 2 874 431 861 376 887 485
