451 593 309 592 2 379 593 307 583 450 603
436 578 313 577 2 373 578 310 571 436 584
433 561 312 563 2 372 564 309 557 434 571
446 548 292 544 2 368 544 289 537 448 552
446 531 293 526 2 368 529 290 520 446 538
644 590 465 589 2 560 589 465 577 654 600
625 567 465 560 2 544 562 457 549 631 574
623 541 466 531 2 545 536 462 522 628 549
457 511 620 522 2 539 518 460 509 618 526
459 494 615 506 2 540 501 460 491 621 512
820 485 675 546 2 746 517 670 483 823 551
831 506 686 569 2 758 540 677 503 839 577
755 355 614 393 2 682 378 608 355 756 401
774 335 614 364 2 695 350 608 327 781 373
67 298 53 171 2 60 231 49 167 70 295
78 290 72 170 2 73 235 62 174 85 295
166 301 153 163 2 156 230 145 157 168 304
174 298 171 159 2 170 228 160 157 179 298
189 298 185 160 2 188 227 179 156 196 298
270 268 249 153 2 260 210 246 148 274 271
284 268 264 148 2 274 207 261 147 287 266
