271 468 439 428 2 355 447 268 419 442 475
599 239 429 232 2 512 238 425 227 599 249
602 222 430 214 2 517 220 429 211 605 229
601 203 427 195 2 516 198 427 189 605 207
601 188 429 178 2 516 181 429 172 604 191
612 235 782 245 2 699 242 611 227 787 257
612 207 787 216 2 701 215 611 200 791 230
615 179 791 189 2 701 185 614 172 788 198
817 189 977 188 2 895 188 813 173 976 203
796 531 807 665 2 801 598 790 531 812 665
808 536 825 664 2 817 600 805 537 829 664
821 536 843 661 2 833 598 819 535 847 661
