105 145 82 -16 2 86 65 67 -17 106 148
119 141 99 -20 2 108 59 85 -23 130 141
142 375 116 174 2 130 267 109 163 151 371
173 368 151 169 2 159 269 138 167 180 371
204 368 183 169 2 192 268 166 167 218 370
177 579 156 396 2 167 485 144 389 191 581
211 634 320 786 2 268 711 208 634 327 789
225 624 335 776 2 286 701 228 627 345 776
338 746 237 596 2 282 673 225 596 339 750
513 694 447 525 2 473 612 429 526 517 697
501 111 651 75 2 577 91 499 67 654 114
504 97 646 54 2 580 72 510 47 651 97
499 85 640 30 2 572 54 501 23 643 85
