146 422 121 226 2 136 321 111 219 162 422
279 167 301 315 2 297 246 278 173 315 319
287 340 312 498 2 300 427 282 347 319 506
304 345 328 491 2 318 420 301 345 335 495
513 537 664 495 2 587 515 510 491 664 538
516 552 666 512 2 592 531 513 506 671 556
521 569 671 533 2 599 548 524 526 673 570
541 630 687 594 2 613 611 537 590 688 633
545 648 688 611 2 618 627 545 604 692 651
548 668 694 627 2 624 644 549 620 699 668
555 684 702 644 2 627 662 553 640 702 684
559 704 703 658 2 634 678 560 652 709 704
