226 286 209 132 2 216 205 198 125 233 284
248 281 232 131 2 239 206 225 129 253 283
275 279 256 128 2 265 200 250 118 279 281
296 283 282 139 2 287 205 274 134 301 275
255 457 234 316 2 244 385 227 313 261 458
272 458 250 315 2 257 385 242 312 272 457
288 454 266 313 2 276 381 259 310 292 452
297 418 280 308 2 287 365 274 312 300 418
361 602 296 509 2 326 553 290 507 361 599
369 588 309 502 2 337 546 303 500 371 592
382 581 319 492 2 350 538 314 495 385 581
393 573 330 488 2 361 530 326 486 396 573
506 530 461 397 2 479 463 447 392 511 533
