489 462 342 446 2 418 453 345 441 491 466
488 443 347 433 2 417 437 345 427 489 447
491 426 345 417 2 417 422 345 416 489 429
638 448 491 444 2 567 448 494 438 640 457
640 433 493 427 2 568 431 493 422 644 441
360 359 628 376 1 494 362 357 328 631 397
352 252 465 257 2 409 257 350 248 468 265
355 240 464 245 2 410 244 355 235 466 253
390 183 566 192 2 480 188 390 175 571 202
421 167 568 172 2 496 172 423 165 568 180
423 150 566 155 2 496 155 423 145 570 165
384 591 584 604 5 483 599 384 580 583 618
