849 158 810 22 2 827 93 800 23 854 164
346 44 435 118 2 388 81 342 42 434 120
543 196 452 127 2 498 159 449 119 547 200
654 291 560 214 2 605 252 557 209 653 296
774 387 679 309 2 724 345 674 301 774 388
430 201 280 80 1 355 139 272 70 437 209
566 301 469 222 2 518 258 465 211 571 306
613 334 650 364 0 -5 772 -5 772 -5 772
718 421 659 373 0 688 398 656 373 720 423
321 270 225 137 2 270 201 214 132 326 269
267 303 171 171 2 217 234 162 163 272 306
242 303 162 199 2 200 252 155 198 245 307
133 214 51 279 0 -5 772 -5 772 -5 772
354 486 250 568 2 300 528 245 480 355 575
310 589 352 648 0 -5 772 -5 772 -5 772
516 619 558 675 0 536 651 511 618 561 684
