271 339 124 313 2 199 323 121 303 278 343
125 259 273 277 2 203 269 128 248 277 290
323 152 131 170 1 228 162 128 133 328 190
277 89 150 105 2 215 98 146 83 283 114
303 86 420 75 2 359 82 302 67 417 96
551 57 431 71 2 489 65 430 53 549 77
688 41 566 57 2 627 52 561 36 692 67
778 139 841 233 2 807 186 773 134 841 237
662 382 790 401 2 725 393 659 375 790 410
764 415 688 405 0 725 393 659 375 790 410
1003 455 881 440 2 939 446 874 433 1004 459
806 501 868 459 0 837 481 801 455 873 507
880 586 885 535 0 -6 773 -6 773 -6 773
871 648 878 598 0 -6 773 -6 773 -6 773
795 737 842 743 0 -6 773 -6 773 -6 773
766 725 773 671 0 -6 773 -6 773 -6 773
369 688 383 563 2 378 624 363 560 392 688
