287 710 459 763 2 373 740 281 704 464 776
150 531 21 442 2 88 486 20 439 155 534
339 535 483 542 2 408 539 333 531 483 547
513 545 653 553 2 584 548 509 538 658 558
701 553 849 560 2 775 557 697 549 854 565
870 562 1011 566 2 941 563 869 554 1014 572
920 286 787 183 2 851 232 776 178 927 286
153 530 27 445 2 89 486 21 436 156 535
26 266 4 415 2 15 339 -8 264 38 415
542 639 300 622 1 422 632 300 604 544 660
508 95 473 -1 6 486 51 445 5 528 96
889 225 895 177 6 885 195 863 163 907 226
