382 59 280 221 2 331 138 273 51 389 226
229 300 139 449 2 183 374 130 299 236 450
615 171 515 340 2 563 257 504 173 622 341
494 359 342 599 1 414 482 328 352 501 612
658 206 559 372 2 613 290 556 205 669 375
634 300 581 375 0 604 340 576 302 632 377
757 262 688 219 0 -52 808 -52 808 -52 808
721 498 832 316 2 786 403 724 309 847 497
893 347 766 554 2 824 450 748 341 901 559
867 777 948 648 2 916 716 868 648 964 785
958 611 1036 488 4 1002 548 954 480 1049 616
319 273 167 523 1 244 389 145 255 344 523
