87 432 67 308 2 74 370 56 305 92 436
132 351 175 662 2 155 505 114 345 196 665
280 255 188 268 2 234 262 185 246 283 277
178 254 129 262 0 29 747 29 747 29 747
396 433 425 656 2 416 544 385 427 447 661
379 379 367 290 2 372 335 354 286 389 384
400 234 523 217 2 462 227 397 209 528 245
591 402 566 240 2 576 321 555 237 598 405
598 458 620 621 2 607 543 587 458 627 628
646 453 668 618 2 658 536 641 452 675 620
640 401 616 237 2 626 318 607 235 646 402
806 210 828 395 2 819 303 797 209 842 396
837 463 860 625 2 849 549 830 466 867 633
945 648 900 353 5 922 498 889 345 954 651
