143 706 82 568 2 114 633 72 562 156 703
51 490 -11 332 2 20 407 -18 326 59 489
163 300 223 443 2 191 366 156 292 226 441
243 497 302 641 2 274 565 242 493 306 638
207 282 262 431 2 237 353 202 280 271 426
281 472 344 630 2 313 552 273 469 353 634
488 588 379 633 2 433 608 379 581 487 634
433 239 478 349 2 459 291 428 237 490 344
524 569 472 443 2 497 503 468 441 526 565
703 424 596 155 2 644 281 576 141 711 421
882 229 949 398 2 919 314 877 226 961 401
862 190 796 27 2 827 104 787 17 868 190
928 201 849 6 2 888 100 842 0 933 200
709 302 683 243 0 644 281 576 141 711 421
678 229 659 167 0 644 281 576 141 711 421
714 318 744 378 0 729 341 710 308 747 374
