115 577 230 656 2 178 615 113 573 243 656
273 620 153 533 2 209 572 142 524 276 619
423 728 313 649 2 369 684 308 642 430 726
406 530 535 616 2 471 569 402 520 540 617
555 580 440 504 2 495 535 436 493 553 577
650 449 555 379 2 603 410 551 371 656 449
489 334 393 266 2 440 299 385 261 495 336
554 329 419 235 2 481 277 408 226 553 328
673 424 578 350 2 627 383 578 346 677 421
767 304 707 386 2 735 343 702 298 769 387
620 179 525 113 2 573 139 522 101 624 176
652 157 557 90 2 603 116 551 79 656 153
