95 235 54 458 2 75 350 44 239 106 462
148 284 112 466 2 125 376 102 286 148 466
176 82 153 225 2 163 155 147 82 179 228
346 115 218 90 2 283 99 218 82 348 116
338 359 309 504 2 323 430 304 355 343 505
424 132 394 277 2 408 206 390 131 426 281
543 575 584 411 2 564 491 538 407 590 576
587 364 629 180 2 609 271 585 177 634 365
587 593 632 401 2 612 500 585 404 639 595
630 372 668 184 2 651 279 627 184 676 374
765 663 805 475 2 793 570 769 476 817 664
892 394 837 666 1 863 529 817 388 908 669
