125 540 281 604 2 208 576 124 537 291 614
450 622 595 675 2 524 654 449 619 598 689
322 563 145 492 2 231 524 141 483 321 565
190 323 141 445 2 163 384 134 323 192 446
382 365 199 292 2 291 325 196 283 385 367
220 238 399 314 2 313 276 219 235 406 316
652 418 474 344 2 564 378 473 337 656 419
393 375 652 485 1 522 431 385 360 658 502
480 123 295 49 2 384 81 294 39 474 123
503 70 318 -5 2 408 24 317 -21 498 70
703 221 529 145 2 618 178 529 133 707 223
540 84 734 162 2 639 131 537 86 741 175
