351 181 269 308 2 308 246 265 180 351 312
504 248 586 121 2 547 184 502 118 591 251
479 285 403 414 2 438 351 395 283 481 420
429 451 519 309 2 476 379 427 306 525 452
621 145 547 258 2 581 204 541 146 621 262
455 480 550 538 2 505 510 453 477 557 542
646 600 738 655 2 693 630 641 598 745 662
617 573 687 463 2 653 519 614 462 691 576
582 553 653 442 2 620 494 580 434 659 554
673 399 764 258 2 722 327 671 253 773 401
731 388 807 274 2 771 327 732 270 811 385
780 662 856 550 2 819 602 781 545 857 659
885 496 952 390 2 918 442 880 382 956 501
979 439 846 646 1 912 541 830 427 993 655
