174 691 107 547 2 139 615 104 543 174 687
90 520 30 382 4 52 452 13 378 90 525
104 391 229 695 2 172 546 96 391 249 701
107 307 231 256 2 169 278 106 247 232 310
329 391 275 269 2 300 326 268 264 333 388
333 424 421 640 2 383 539 329 428 438 651
393 405 487 624 2 445 518 390 402 500 633
465 155 340 206 2 402 181 340 151 465 210
513 151 581 328 2 550 238 513 146 588 330
605 377 669 537 2 644 459 605 378 682 539
651 361 716 525 2 692 442 652 358 732 525
846 314 914 479 2 886 402 846 321 925 483
908 291 979 455 2 950 375 910 293 989 458
821 259 753 94 2 785 175 745 92 824 259
