177 691 92 759 2 132 728 86 693 178 763
417 540 314 632 2 362 588 309 535 414 640
502 444 419 511 2 458 478 417 444 499 511
681 404 574 427 2 626 417 571 399 681 435
727 500 604 563 2 664 536 598 498 730 574
677 390 572 415 2 626 404 570 387 681 421
518 412 410 500 2 464 461 408 414 519 508
398 528 294 621 2 345 580 292 529 397 630
169 681 84 748 2 127 714 80 676 173 751
160 670 76 740 2 119 707 74 669 164 744
384 511 279 604 2 330 559 274 508 385 609
370 495 264 587 2 315 544 259 495 370 592
507 399 401 489 2 454 445 397 397 510 492
498 387 392 477 2 443 436 387 387 499 484
675 377 568 402 2 622 392 565 375 679 408
671 365 564 389 2 618 379 564 361 672 396
668 352 562 377 2 618 365 562 348 673 381
