120 157 112 254 2 116 204 106 155 126 253
131 157 122 257 2 127 204 118 153 137 254
223 421 234 308 2 229 364 215 306 243 422
348 296 336 391 2 342 342 333 293 352 391
361 293 352 384 2 357 338 346 291 367 386
378 292 367 380 2 373 337 362 292 383 382
366 405 354 519 2 360 461 349 404 370 519
400 382 385 495 2 392 438 378 378 406 498
521 338 510 450 2 516 396 505 339 526 454
537 336 523 458 2 531 397 518 334 543 460
504 501 491 632 2 496 567 482 501 510 633
520 505 504 631 2 512 568 497 503 526 634
561 436 550 604 1 557 520 534 433 580 607
610 161 600 284 2 605 222 590 158 619 285
741 214 720 384 5 732 297 710 212 754 382
403 311 396 357 0 68 717 68 717 68 717
318 127 322 75 0 68 717 68 717 68 717
236 295 249 228 3 242 261 233 227 251 295
250 189 262 127 3 255 158 246 129 264 187
279 220 282 144 3 278 185 269 144 287 226
287 220 288 147 3 290 187 282 152 298 222
