196 476 209 325 2 204 398 185 322 222 474
593 344 575 523 2 584 434 565 346 602 522
608 379 591 525 2 601 452 586 376 617 527
584 571 561 755 2 572 664 552 570 592 759
620 624 609 744 2 630 690 614 614 647 765
639 614 623 759 2 630 690 614 614 647 765
656 619 639 763 2 647 692 630 614 665 769
644 368 639 429 0 -74 824 -74 824 -74 824
634 460 628 534 0 -74 824 -74 824 -74 824
656 368 648 429 0 -74 824 -74 824 -74 824
648 468 640 525 0 -74 824 -74 824 -74 824
667 372 659 436 0 -74 824 -74 824 -74 824
658 472 656 527 0 -74 824 -74 824 -74 824
698 174 688 288 2 693 230 679 171 706 288
707 10 703 74 0 -74 824 -74 824 -74 824
807 356 820 224 2 817 290 806 229 829 352
879 202 855 430 5 869 318 837 201 901 436
1020 234 975 633 5 991 435 940 237 1043 634
