224 277 59 288 2 144 284 59 267 229 300
227 303 64 318 2 144 311 59 297 229 324
230 327 65 342 2 146 337 61 324 230 349
238 355 77 367 2 160 361 74 346 245 375
425 273 263 279 2 347 276 263 268 430 283
427 292 266 298 2 344 295 260 286 427 303
425 310 265 315 2 345 314 262 306 428 321
389 330 266 331 2 323 330 262 322 383 337
556 546 397 517 2 476 527 392 502 559 552
613 366 496 310 2 551 336 490 306 612 366
606 378 487 322 2 543 349 482 319 604 379
595 391 481 337 2 537 365 476 336 597 393
592 408 476 351 2 528 378 470 346 586 409
