612 475 404 478 1 509 481 404 461 613 500
23 482 149 478 2 88 479 26 471 151 487
-35 458 158 451 2 60 457 -38 442 158 471
380 459 231 463 2 310 463 233 454 386 471
386 446 234 447 2 308 443 230 435 386 451
151 409 -23 412 2 65 411 -23 402 153 421
155 389 -2 390 2 78 392 -2 383 158 400
362 400 216 403 2 288 405 212 395 365 416
368 379 219 387 2 294 383 219 374 368 392
383 362 220 365 2 299 363 220 355 378 371
293 249 123 258 2 204 254 116 239 293 269
289 226 117 233 2 205 232 117 219 293 245
100 191 254 190 2 181 195 105 183 257 208
79 168 257 165 2 169 167 80 153 257 180
465 3 385 5 3 426 5 383 -6 469 15
575 39 476 39 3 534 40 480 29 588 51
513 159 436 155 3 472 158 428 148 517 168
513 140 426 136 3 469 140 422 130 517 151
497 127 433 127 3 463 128 422 118 505 137
365 184 286 188 3 323 189 282 180 364 197
