913 583 704 555 5 810 569 699 540 921 598
987 417 787 401 1 888 407 787 386 989 429
552 348 349 327 1 449 336 346 311 552 360
766 359 600 344 2 687 350 606 335 768 365
550 294 392 282 2 471 288 392 270 549 306
773 321 605 306 2 687 311 605 298 768 325
562 272 392 255 2 481 261 396 243 567 280
710 146 556 126 2 630 134 555 117 705 152
669 102 526 87 2 601 93 526 79 675 107
816 117 700 102 2 762 110 704 99 819 122
819 99 700 79 2 759 90 695 74 824 105
758 -28 673 -41 3 708 -37 666 -49 751 -25
880 -20 786 -32 3 830 -20 789 -34 870 -6
931 108 841 82 3 878 93 834 82 921 104
