449 608 252 588 1 351 598 250 575 453 622
764 659 623 648 2 695 654 623 640 767 669
371 558 224 541 2 296 548 221 533 372 562
372 535 226 520 2 300 526 225 511 376 541
564 575 421 563 2 494 570 421 557 567 584
557 556 428 545 2 492 546 425 534 560 558
509 416 382 406 2 443 411 376 399 510 423
483 379 356 364 2 420 374 355 361 485 387
611 392 510 379 2 565 389 514 381 616 396
612 376 504 365 2 558 367 504 355 612 380
606 358 503 347 2 554 350 500 336 609 364
463 216 595 231 2 528 224 463 211 593 237
767 111 660 99 2 711 108 655 98 767 117
764 96 661 88 2 718 91 661 82 774 99
686 246 622 232 3 649 237 612 225 686 249
798 254 730 243 3 765 250 731 240 799 260
