227 121 227 215 2 226 168 219 119 233 216
239 121 240 210 2 240 166 233 118 247 215
348 366 350 257 2 348 309 339 253 357 365
459 235 455 322 2 456 277 449 231 463 322
472 227 468 315 2 468 272 460 230 476 315
484 227 482 309 2 485 272 479 231 491 314
484 337 483 450 2 482 390 477 334 488 446
515 308 513 419 2 513 364 503 308 522 421
622 414 621 539 2 623 477 616 414 630 541
639 416 638 541 2 637 479 629 417 645 541
627 259 623 370 2 624 316 618 262 630 370
639 252 643 370 2 641 311 633 249 648 372
675 346 675 509 1 678 425 663 340 694 509
696 78 697 200 2 695 139 687 78 703 200
824 121 820 279 5 822 199 807 115 837 283
383 157 379 100 3 382 131 375 95 389 167
