214 451 109 431 2 164 442 110 428 219 456
218 438 112 420 2 165 430 112 420 218 441
212 424 129 408 2 169 414 126 402 212 427
544 506 458 490 2 501 495 458 481 544 508
252 398 121 374 2 184 386 114 368 254 405
397 429 286 408 2 343 417 288 404 398 430
416 414 294 396 2 355 403 291 385 419 421
347 119 455 135 2 398 127 341 110 456 144
345 607 513 635 5 428 621 344 595 513 647
416 162 349 146 3 383 154 349 143 416 164
444 160 508 172 3 472 166 442 157 502 176
539 151 469 136 3 504 145 471 136 537 155
