195 601 199 433 2 196 516 183 431 210 601
217 579 223 433 2 220 507 208 433 231 581
263 402 261 568 2 261 483 250 398 273 568
284 401 287 572 2 285 483 273 397 297 570
420 540 414 690 2 411 616 399 539 423 694
436 552 427 720 2 432 634 420 549 443 720
403 322 396 476 2 399 400 388 322 410 477
420 333 414 478 2 417 408 407 333 428 483
439 339 439 490 2 439 414 423 340 454 489
472 728 476 546 2 476 640 459 548 493 733
494 673 502 559 2 500 615 487 555 513 675
484 318 478 475 2 479 400 469 324 489 476
500 324 493 472 2 497 397 487 322 506 473
530 91 522 303 1 527 198 507 90 548 306
