633 144 469 154 2 550 149 469 132 631 166
446 289 570 289 2 511 289 446 282 576 295
589 267 733 270 2 658 271 588 262 727 279
589 288 720 285 2 656 287 588 279 724 294
778 433 766 567 2 772 501 760 435 784 567
793 435 780 565 2 788 501 777 436 798 565
810 436 798 567 2 802 504 792 438 811 570
867 444 853 574 2 858 510 847 445 868 574
885 448 867 580 2 874 512 862 445 885 579
898 451 883 579 2 890 516 876 448 903 583
913 450 900 579 2 907 515 894 451 919 579
931 454 913 579 2 920 518 907 451 933 585
