326 90 472 88 2 402 88 325 76 478 100
517 43 682 39 2 601 40 517 31 684 49
516 60 679 58 2 598 61 511 54 684 67
484 82 687 76 2 583 83 479 72 687 94
726 231 703 360 2 715 297 699 231 730 363
739 234 721 361 2 727 301 715 234 738 367
750 237 736 363 2 740 298 729 232 751 363
835 223 828 379 2 828 303 819 225 837 381
846 231 844 381 2 844 306 837 228 850 384
862 235 861 379 2 861 308 852 232 870 384
940 259 913 387 2 925 323 906 259 943 387
951 262 925 390 2 938 325 919 262 957 388
966 264 942 391 2 952 328 936 262 967 394
