449 168 301 169 2 374 168 299 157 448 178
433 183 305 184 2 368 184 302 177 433 190
430 201 304 199 2 366 198 301 190 431 205
443 214 283 219 2 363 218 280 210 445 226
443 232 284 237 2 362 234 281 225 443 243
649 171 463 172 2 562 172 463 160 660 184
630 195 463 202 2 546 200 455 187 636 213
627 222 464 232 2 547 227 460 213 633 241
455 253 624 241 2 540 246 458 237 622 255
457 270 619 258 2 542 263 458 252 625 274
832 280 682 216 2 756 247 676 211 835 282
844 258 693 193 2 768 223 684 184 852 261
765 415 618 375 2 689 391 612 367 766 415
784 436 618 406 2 702 420 612 396 792 444
49 474 35 606 2 42 544 31 477 53 610
61 483 55 607 2 56 540 44 477 68 603
152 471 139 615 2 142 545 130 468 154 621
161 474 157 619 2 156 548 146 474 166 621
176 474 172 618 2 175 548 166 474 184 622
260 505 239 625 2 250 566 235 502 265 630
275 505 254 630 2 265 569 251 507 278 631
