283 304 443 342 2 363 325 280 298 446 351
595 522 433 529 2 513 524 430 513 595 534
598 538 434 546 2 517 541 433 532 601 549
597 556 431 564 2 516 562 431 553 601 570
597 571 433 580 2 517 577 433 568 600 586
607 526 769 516 2 690 520 606 505 774 534
607 553 774 544 2 692 545 606 531 778 559
610 579 778 570 2 692 574 609 561 775 586
802 570 955 571 2 877 571 799 556 954 585
782 244 793 117 2 788 181 777 117 798 244
794 240 810 118 2 803 179 791 118 814 239
806 240 827 121 2 818 181 804 121 831 241
