166 589 146 726 2 150 657 133 586 167 727
178 592 161 729 2 168 662 149 592 187 732
197 393 175 564 2 187 485 169 396 205 573
224 399 205 568 2 212 483 194 396 230 570
250 399 232 568 2 240 484 218 397 262 570
227 219 209 375 2 219 299 199 217 239 381
256 172 349 42 2 305 106 254 40 355 172
268 180 362 51 2 321 115 271 51 370 178
364 76 278 204 2 317 139 268 73 365 204
514 121 457 265 2 480 191 442 118 517 264
503 618 631 648 2 568 635 502 615 634 655
506 630 627 666 2 571 651 511 630 631 672
502 640 622 687 2 564 667 503 640 624 693
