205 352 184 517 2 197 438 175 352 218 523
317 567 335 442 2 332 501 316 439 347 562
323 421 344 288 2 335 349 319 282 350 415
338 417 358 294 2 350 354 335 291 364 417
513 256 640 291 2 576 275 511 255 640 294
516 243 642 277 2 580 261 513 240 646 282
520 229 646 259 2 586 247 523 228 648 265
537 177 660 208 2 598 193 534 175 661 211
540 162 661 193 2 602 180 540 160 664 199
543 145 666 180 2 607 166 544 145 670 186
549 132 672 166 2 610 151 547 132 672 169
552 115 673 154 2 616 137 553 115 678 159
