187 496 167 672 2 175 589 155 498 194 679
212 501 193 673 2 201 587 185 499 217 675
242 504 221 676 2 231 595 214 502 247 687
266 499 250 664 2 257 589 241 508 272 669
220 301 196 462 2 207 383 188 300 226 465
239 300 214 463 2 222 384 205 301 239 466
257 304 232 465 2 243 387 224 306 262 468
268 345 248 471 2 256 406 241 345 271 466
341 136 266 241 2 301 192 260 139 341 244
350 151 281 250 2 313 200 274 147 352 252
364 159 293 261 2 328 209 287 159 368 258
377 168 305 265 2 341 218 301 168 380 268
506 217 454 369 2 475 295 439 214 511 375
