144 272 65 97 2 101 182 49 89 152 274
248 539 303 681 2 276 611 244 535 307 687
305 534 358 671 2 333 605 301 534 364 676
290 548 341 675 2 317 615 289 550 345 679
419 527 492 715 2 459 626 417 528 501 723
481 522 533 658 2 511 594 478 522 543 666
465 532 514 661 2 489 597 460 531 517 663
185 337 157 281 0 171 309 0 0 0 0
192 353 134 377 0 163 365 0 0 0 0
69 410 124 383 0 97 397 0 0 0 0
118 504 92 447 0 105 476 0 0 0 0
401 232 338 75 2 367 155 327 72 406 238
501 478 415 261 1 461 371 402 256 519 486
