846 608 807 743 2 824 672 797 602 851 742
348 721 436 648 2 390 685 344 646 435 723
543 571 453 639 2 499 607 450 567 547 647
653 476 560 553 2 605 515 557 472 652 558
772 381 678 459 2 723 424 673 380 772 467
431 566 283 685 1 357 627 275 558 438 695
566 467 470 545 2 519 509 466 462 571 556
612 434 649 404 0 631 419 0 0 0 0
716 348 658 395 0 687 371 655 346 718 395
323 497 228 629 2 273 566 217 498 328 634
270 465 175 595 2 221 533 166 462 275 603
245 465 166 568 2 204 515 159 461 248 569
137 553 56 488 0 97 521 0 0 0 0
356 283 253 202 2 303 242 248 195 357 289
312 181 354 123 0 333 152 0 0 0 0
516 152 558 96 0 536 120 511 87 561 153
