295 70 462 18 2 378 41 290 6 466 75
163 243 38 329 2 103 286 37 240 168 332
346 239 485 232 2 413 235 340 227 485 243
514 229 649 221 2 582 227 510 217 654 236
696 221 839 215 2 768 218 692 210 843 225
859 213 995 209 2 928 212 858 203 998 220
907 479 779 579 2 841 532 768 479 914 584
166 244 44 326 2 104 287 38 239 169 334
43 499 22 355 2 33 428 10 355 55 501
542 138 308 155 1 426 145 308 118 544 172
509 664 475 757 6 488 707 448 663 528 751
877 538 883 585 6 874 568 852 537 895 598
