175 91 119 217 2 149 158 110 93 187 222
91 288 34 432 2 63 364 28 289 98 438
193 462 248 331 2 219 401 187 333 251 469
266 282 320 150 2 295 219 265 153 324 285
233 478 284 342 2 261 413 229 346 292 480
301 304 359 160 2 331 232 294 156 367 307
490 198 391 157 2 440 181 391 156 489 205
440 517 481 417 2 464 470 435 421 492 519
523 216 476 331 2 499 276 472 219 525 333
687 348 589 594 2 633 479 571 351 694 607
850 526 911 372 2 884 449 846 369 922 529
832 562 772 711 2 800 641 763 562 837 720
892 552 820 730 2 856 645 814 553 897 736
692 460 668 514 0 633 479 571 351 694 607
664 526 646 583 0 633 479 571 351 694 607
697 445 724 390 0 710 424 693 394 727 454
