170 247 308 190 2 243 215 169 181 317 249
458 174 586 127 2 523 146 457 115 589 177
344 226 187 289 2 264 261 184 225 343 297
227 439 184 331 2 204 385 178 330 229 439
397 402 235 466 2 317 437 233 400 400 474
254 514 412 447 2 336 481 253 445 419 517
637 355 479 420 2 559 391 478 354 640 427
407 393 637 295 1 521 343 400 280 642 406
484 616 320 682 2 399 654 319 616 479 691
505 663 341 730 2 420 704 340 663 500 744
682 529 528 597 2 607 568 528 528 685 607
537 651 709 582 2 625 610 535 570 715 649
