347 594 263 463 2 303 527 259 459 347 595
505 525 589 655 2 549 590 503 522 594 658
479 487 401 354 2 437 419 392 348 481 489
427 316 520 462 2 476 390 425 315 526 465
625 631 549 514 2 584 570 543 510 625 630
454 286 552 226 2 506 256 452 222 559 289
651 162 745 106 2 700 132 646 99 753 165
621 190 693 303 2 658 246 618 187 697 304
585 211 658 325 2 624 272 583 210 664 333
679 369 772 514 2 729 444 676 367 781 520
738 381 816 498 2 780 443 739 384 820 502
789 99 867 214 2 829 161 790 102 868 219
897 270 966 379 2 931 326 891 264 970 387
993 328 856 115 1 924 223 840 106 1008 340
