211 112 152 240 2 180 179 149 115 211 243
137 264 83 387 4 103 325 68 259 137 390
149 379 260 108 2 210 241 142 103 278 379
152 453 262 499 2 207 479 151 451 263 507
349 379 301 487 2 324 437 295 381 353 492
353 349 431 157 2 398 247 349 147 446 346
406 366 490 171 2 453 266 404 163 502 369
470 589 359 543 2 415 566 359 540 470 592
513 592 574 435 2 547 515 513 433 580 597
595 391 652 249 2 630 319 595 247 664 390
636 405 694 259 2 673 334 637 259 708 408
810 447 870 300 2 845 369 810 297 880 441
865 468 928 322 2 902 393 867 319 937 466
787 496 727 643 2 755 571 720 496 790 645
