860 212 679 236 5 771 224 675 199 867 249
924 356 751 370 1 839 365 751 346 926 383
547 416 371 434 1 458 427 369 405 547 448
733 406 589 419 2 665 414 594 401 735 427
546 463 409 473 2 477 468 409 452 545 483
739 439 593 452 2 664 448 593 436 735 459
556 482 409 496 2 486 491 412 475 560 507
684 591 551 608 2 615 601 550 586 680 616
649 629 525 642 2 590 637 525 625 654 649
776 616 676 629 2 729 622 679 612 779 632
779 632 676 649 2 727 640 671 626 783 653
726 742 652 753 3 683 750 646 739 720 760
832 735 750 745 3 788 735 753 723 823 747
876 624 798 646 3 830 637 792 627 867 646
