175 308 55 331 2 118 319 56 303 180 334
179 323 58 343 2 119 332 58 320 179 343
172 339 78 357 2 124 350 75 336 172 364
549 246 452 264 2 501 259 452 243 549 274
218 368 69 396 2 141 382 61 360 220 403
382 333 256 357 2 322 347 259 332 384 362
404 350 265 371 2 335 363 262 342 407 383
326 685 448 667 2 384 677 319 657 449 696
323 131 514 99 5 418 115 322 85 514 144
404 637 328 655 3 366 646 328 634 404 658
436 639 508 625 3 468 632 434 621 502 642
544 649 464 666 3 504 656 467 645 541 666
