224 187 228 340 2 226 265 213 187 238 342
244 207 250 340 2 247 273 236 206 257 340
286 368 284 217 2 285 295 274 217 295 372
305 369 308 214 2 306 295 295 216 317 373
429 243 423 106 2 421 174 410 103 432 244
443 232 435 79 2 440 157 429 79 450 235
413 441 407 301 2 410 371 400 300 420 441
429 431 423 299 2 427 363 417 295 436 431
446 426 446 288 2 446 357 432 289 460 425
476 72 480 237 2 480 152 464 67 495 236
496 122 503 226 2 502 175 490 120 513 229
487 445 482 302 2 483 370 473 301 492 439
502 439 495 305 2 499 373 490 304 507 441
529 651 522 458 1 527 554 508 456 545 652
