473 442 543 577 2 509 516 471 446 548 585
381 258 451 394 2 419 326 378 256 460 395
411 148 433 208 0 422 179 406 144 438 213
396 153 417 212 0 407 184 390 151 424 217
436 76 415 134 0 424 108 404 73 445 142
924 687 899 744 0 908 715 891 681 926 748
909 680 884 738 0 896 711 876 679 916 743
811 742 817 701 0 814 722 1025 0 1025 0
818 652 822 610 0 820 631 1025 0 1025 0
826 651 829 609 0 827 630 1025 0 1025 0
823 570 823 596 0 823 583 1025 0 1025 0
828 570 830 596 0 829 583 1025 0 1025 0
