881 272 960 97 2 924 182 873 89 976 274
777 539 722 681 2 749 611 718 535 781 687
720 534 667 671 2 692 605 661 534 724 676
735 548 684 675 2 708 615 680 550 736 679
606 527 533 715 2 566 626 524 528 608 723
544 522 492 658 2 514 594 482 522 547 666
560 532 511 661 2 536 597 508 531 565 663
840 337 868 281 0 854 309 1025 0 1025 0
833 353 891 377 0 862 365 1025 0 1025 0
956 410 901 383 0 928 397 1025 0 1025 0
907 504 933 447 0 920 476 1025 0 1025 0
624 232 687 75 2 658 155 619 72 698 238
524 478 610 261 1 564 371 506 256 623 486
