607 246 794 257 2 698 252 602 236 794 267
257 250 86 246 2 173 245 86 229 260 260
229 265 104 260 2 166 261 100 253 232 268
241 281 102 275 2 167 278 93 271 241 285
280 323 55 324 2 166 323 54 308 278 337
309 439 138 426 2 220 429 141 419 300 438
292 457 145 445 2 220 452 142 437 299 466
313 476 148 465 2 228 467 147 454 309 480
301 511 155 510 2 231 509 155 500 307 517
320 533 152 529 2 240 531 152 518 328 544
309 556 155 553 2 220 557 138 546 303 567
855 555 599 529 1 725 542 594 510 857 573
303 229 560 242 1 431 233 302 208 561 257
