30 386 161 356 2 99 367 31 343 167 391
344 349 236 374 2 291 362 235 346 348 378
408 437 444 585 2 427 514 400 439 454 588
518 563 478 416 2 496 490 470 412 523 568
581 549 549 433 2 565 492 548 432 583 552
503 295 546 415 2 528 358 504 294 553 422
693 224 750 342 2 721 285 689 220 754 350
808 469 768 379 2 785 426 756 377 814 475
783 268 855 418 2 820 345 774 269 866 420
962 152 859 172 2 909 165 856 149 962 180
952 100 851 121 2 901 112 850 97 952 127
950 70 840 87 2 896 80 838 64 954 96
868 283 891 333 3 880 304 865 279 895 328
