937 156 972 336 2 957 249 930 154 985 343
862 174 883 306 2 875 243 855 171 895 315
927 486 891 334 2 907 410 882 333 933 487
577 238 614 354 2 597 296 572 235 622 357
686 552 635 403 2 658 475 622 396 695 553
581 486 514 309 2 548 396 500 298 596 493
431 366 398 306 2 414 338 395 300 434 375
355 607 478 597 2 417 602 356 586 479 617
360 673 478 661 2 421 666 360 651 482 681
359 711 497 702 2 427 706 358 693 497 719
479 496 508 558 3 497 527 481 498 514 556
449 399 479 462 3 466 431 448 399 484 462
439 400 464 465 3 454 425 439 393 470 457
