811 756 707 736 2 760 745 701 730 820 759
419 575 379 669 2 396 622 370 571 422 673
385 597 359 663 0 372 630 1025 0 1025 0
343 593 329 656 0 336 625 1025 0 1025 0
355 610 339 660 0 347 635 1025 0 1025 0
154 511 127 583 0 139 548 121 509 158 586
57 491 40 584 2 46 538 31 489 62 587
969 321 963 184 2 961 254 945 181 978 327
883 266 880 193 0 882 230 874 191 891 269
864 270 864 197 0 862 233 854 195 871 270
749 274 740 172 2 744 226 731 172 757 280
633 298 664 157 2 649 228 625 156 674 300
562 296 596 141 2 578 219 551 141 605 297
484 330 510 144 2 497 238 472 142 523 333
456 241 466 136 2 457 189 445 136 470 241
367 255 370 141 2 365 205 352 148 379 262
336 198 342 137 0 368 198 357 139 380 257
