995 386 864 356 2 926 367 858 343 994 391
681 349 789 374 2 734 362 677 346 790 378
617 437 581 585 2 598 514 571 439 625 588
507 563 547 416 2 529 490 502 412 555 568
444 549 476 433 2 460 492 442 432 477 552
522 295 479 415 2 497 358 472 294 521 422
332 224 275 342 2 304 285 271 220 336 350
217 469 257 379 2 240 426 211 377 269 475
242 268 170 418 2 205 345 159 269 251 420
63 152 166 172 2 116 165 63 149 169 180
73 100 174 121 2 124 112 73 97 175 127
75 70 185 87 2 129 80 71 64 187 96
157 283 134 333 3 145 304 130 279 160 328
