712 133 766 176 0 739 155 1025 0 1025 0
686 144 776 235 2 733 190 683 141 783 238
632 192 546 282 2 588 237 544 189 632 285
548 297 639 389 2 591 345 544 295 638 394
391 449 503 503 2 450 479 392 447 508 510
342 549 454 603 2 397 577 341 547 454 606
235 599 384 664 2 308 632 229 594 388 669
457 708 407 685 0 432 697 1025 0 1025 0
393 719 437 740 0 415 730 1025 0 1025 0
354 707 239 656 2 294 677 233 645 356 708
451 196 419 238 8 420 232 385 198 455 265
308 342 250 405 8 263 383 218 339 308 426
