972 302 947 388 2 959 345 940 301 979 388
942 303 925 363 0 932 333 919 300 945 366
907 284 859 386 2 881 337 853 280 910 393
894 278 847 379 2 869 331 840 277 898 385
783 476 617 428 2 697 448 610 415 784 481
777 501 611 453 2 692 475 605 445 780 505
731 501 678 485 0 692 475 605 445 780 505
492 273 592 399 2 543 338 491 273 596 403
479 285 576 411 2 528 348 476 282 581 414
464 295 566 424 2 517 361 463 292 572 429
450 306 554 436 2 503 372 449 304 557 439
213 588 257 716 2 238 654 208 588 268 720
