941 71 1011 142 2 979 108 941 71 1017 144
849 228 949 336 2 899 278 846 224 952 332
832 259 931 361 2 880 310 830 252 930 367
506 77 499 222 2 501 151 488 73 515 228
482 56 480 228 2 479 142 470 56 488 228
463 64 461 224 2 461 147 451 65 471 229
245 229 246 60 2 245 141 229 57 262 225
191 214 185 39 2 188 127 177 39 199 214
432 434 401 524 0 415 480 393 436 437 524
471 706 339 641 2 402 669 334 632 470 705
440 733 325 681 2 383 706 324 676 442 735
475 352 439 411 3 456 387 439 358 473 415
