811 151 944 197 2 877 176 811 150 944 201
804 161 928 211 2 865 186 799 160 931 211
797 175 924 224 2 863 202 801 178 926 225
755 297 899 352 2 830 326 756 293 905 358
780 328 896 368 2 837 349 779 324 896 374
766 339 891 384 2 829 363 762 337 896 388
734 364 877 419 2 803 393 734 365 872 421
741 387 870 437 2 802 412 733 387 872 437
733 404 863 459 2 798 434 731 407 865 461
358 350 416 476 2 386 412 351 348 421 475
310 367 372 493 2 346 432 313 364 379 500
177 577 123 446 2 150 512 121 443 180 580
38 748 51 603 2 49 672 36 599 62 745
874 750 912 520 1 894 636 859 521 930 750
499 580 500 648 3 501 619 494 586 509 652
490 586 488 657 3 488 619 482 586 494 652
478 582 476 651 3 476 617 470 585 482 649
