423 62 499 50 0 461 56 1025 0 1025 0
338 82 253 95 0 294 91 248 76 341 105
489 82 414 96 0 451 89 1025 0 1025 0
401 98 247 130 2 321 114 242 88 400 139
230 135 220 253 2 224 192 212 129 236 255
211 301 200 401 2 202 349 190 298 215 399
166 336 188 167 2 179 253 157 163 202 342
362 287 340 330 0 351 309 1025 0 1025 0
467 149 463 196 0 465 173 1025 0 1025 0
478 220 485 178 0 481 199 1025 0 1025 0
610 160 587 140 0 598 150 1025 0 1025 0
446 297 433 411 2 435 352 418 291 452 412
643 412 527 402 2 585 406 527 393 644 418
503 395 498 437 0 500 416 1025 0 1025 0
930 479 788 460 0 860 472 789 454 931 489
727 224 648 222 0 687 223 1025 0 1025 0
1007 488 943 479 0 975 484 1025 0 1025 0
831 546 776 541 0 803 544 1025 0 1025 0
825 553 778 552 0 801 553 1025 0 1025 0
815 597 767 592 0 791 595 1025 0 1025 0
810 620 765 616 0 787 618 1025 0 1025 0
616 739 731 709 2 675 720 617 699 734 741
543 741 485 690 0 512 714 476 682 548 745
470 677 471 634 0 470 656 1025 0 1025 0
488 576 485 618 0 486 597 1025 0 1025 0
478 570 475 620 0 476 595 1025 0 1025 0
