214 756 318 736 2 265 745 205 730 324 759
606 575 646 669 2 629 622 603 571 655 673
640 597 666 663 0 653 630 0 0 0 0
682 593 696 656 0 689 625 0 0 0 0
670 610 686 660 0 678 635 0 0 0 0
871 511 898 583 0 886 548 867 509 904 586
968 491 985 584 2 979 538 963 489 994 587
56 321 62 184 2 64 254 47 181 80 327
142 266 145 193 0 143 230 134 191 151 269
161 270 161 197 0 163 233 154 195 171 270
276 274 285 172 2 281 226 268 172 294 280
392 298 361 157 2 376 228 351 156 400 300
463 296 429 141 2 447 219 420 141 474 297
541 330 515 144 2 528 238 502 142 553 333
569 241 559 136 2 568 189 555 136 580 241
658 255 655 141 2 660 205 646 148 673 262
689 198 683 137 0 657 198 645 139 668 257
