848 691 933 759 2 893 728 847 693 939 763
608 540 711 632 2 663 588 611 535 716 640
523 444 606 511 2 567 478 526 444 608 511
344 404 451 427 2 399 417 344 399 454 435
298 500 421 563 2 361 536 295 498 427 574
348 390 453 415 2 399 404 344 387 455 421
507 412 615 500 2 561 461 506 414 617 508
627 528 731 621 2 680 580 628 529 733 630
856 681 941 748 2 898 714 852 676 945 751
865 670 949 740 2 906 707 861 669 951 744
641 511 746 604 2 695 559 640 508 751 609
655 495 761 587 2 710 544 655 495 766 592
518 399 624 489 2 571 445 515 397 628 492
527 387 633 477 2 582 436 526 387 638 484
350 377 457 402 2 403 392 346 375 460 408
354 365 461 389 2 407 379 353 361 461 396
357 352 463 377 2 407 365 352 348 463 381
