801 277 966 288 2 881 284 796 267 966 300
798 303 961 318 2 881 311 796 297 966 324
795 327 960 342 2 879 337 795 324 964 349
787 355 948 367 2 865 361 780 346 951 375
600 273 762 279 2 678 276 595 268 762 283
598 292 759 298 2 681 295 598 286 765 303
600 310 760 315 2 680 314 597 306 763 321
636 330 759 331 2 702 330 642 322 763 337
469 546 628 517 2 549 527 466 502 633 552
412 366 529 310 2 474 336 413 306 535 366
419 378 538 322 2 482 349 421 319 543 379
430 391 544 337 2 488 365 428 336 549 393
433 408 549 351 2 497 378 439 346 555 409
