392 144 556 154 2 475 149 394 132 556 166
579 289 455 289 2 514 289 449 282 579 295
436 267 292 270 2 367 271 298 262 437 279
436 288 305 285 2 369 287 301 279 437 294
247 433 259 567 2 253 501 241 435 265 567
232 435 245 565 2 237 501 227 436 248 565
215 436 227 567 2 223 504 214 438 233 570
158 444 172 574 2 167 510 157 445 178 574
140 448 158 580 2 151 512 140 445 163 579
127 451 142 579 2 135 516 122 448 149 583
112 450 125 579 2 118 515 106 451 131 579
94 454 112 579 2 105 518 92 451 118 585
