699 90 553 88 2 623 88 547 76 700 100
508 43 343 39 2 424 40 341 31 508 49
509 60 346 58 2 427 61 341 54 514 67
541 82 338 76 2 442 83 338 72 546 94
299 231 322 360 2 310 297 295 231 326 363
286 234 304 361 2 298 301 287 234 310 367
275 237 289 363 2 285 298 274 232 296 363
190 223 197 379 2 197 303 188 225 206 381
179 231 181 381 2 181 306 175 228 188 384
163 235 164 379 2 164 308 155 232 173 384
85 259 112 387 2 100 323 82 259 119 387
74 262 100 390 2 87 325 68 262 106 388
59 264 83 391 2 73 328 58 262 89 394
