576 168 724 169 2 651 168 577 157 726 178
592 183 720 184 2 657 184 592 177 723 190
595 201 721 199 2 659 198 594 190 724 205
582 214 742 219 2 662 218 580 210 745 226
582 232 741 237 2 663 234 582 225 744 243
376 171 562 172 2 463 172 365 160 562 184
395 195 562 202 2 479 200 389 187 570 213
398 222 561 232 2 478 227 392 213 565 241
570 253 401 241 2 485 246 403 237 567 255
568 270 406 258 2 483 263 400 252 567 274
193 280 343 216 2 269 247 190 211 349 282
181 258 332 193 2 257 223 173 184 341 261
260 415 407 375 2 336 391 259 367 413 415
241 436 407 406 2 323 420 233 396 413 444
976 474 990 606 2 983 544 972 477 994 610
964 483 970 607 2 969 540 957 477 981 603
873 471 886 615 2 883 545 871 468 895 621
864 474 868 619 2 869 548 859 474 879 621
849 474 853 618 2 850 548 841 474 859 622
765 505 786 625 2 775 566 760 502 790 630
750 505 771 630 2 760 569 747 507 774 631
