742 304 582 342 2 662 325 579 298 745 351
430 522 592 529 2 512 524 430 513 595 534
427 538 591 546 2 508 541 424 532 592 549
428 556 594 564 2 509 562 424 553 594 570
428 571 592 580 2 508 577 425 568 592 586
418 526 256 516 2 335 520 251 505 419 534
418 553 251 544 2 333 545 247 531 419 559
415 579 247 570 2 333 574 250 561 416 586
223 570 70 571 2 148 571 71 556 226 585
243 244 232 117 2 237 181 227 117 248 244
231 240 215 118 2 222 179 211 118 234 239
219 240 198 121 2 207 181 194 121 221 241
