859 589 879 726 2 875 657 858 586 892 727
847 592 864 729 2 857 662 838 592 876 732
828 393 850 564 2 838 485 820 396 856 573
801 399 820 568 2 813 483 795 396 831 570
775 399 793 568 2 785 484 763 397 807 570
798 219 816 375 2 806 299 786 217 826 381
769 172 676 42 2 720 106 670 40 771 172
757 180 663 51 2 704 115 655 51 754 178
661 76 747 204 2 708 139 660 73 757 204
511 121 568 265 2 545 191 508 118 583 264
522 618 394 648 2 457 635 391 615 523 655
519 630 398 666 2 454 651 394 630 514 672
523 640 403 687 2 461 667 401 640 522 693
