820 352 841 517 2 828 438 807 352 850 523
708 567 690 442 2 693 501 678 439 709 562
702 421 681 288 2 690 349 675 282 706 415
687 417 667 294 2 675 354 661 291 690 417
512 256 385 291 2 449 275 385 255 514 294
509 243 383 277 2 445 261 379 240 512 282
505 229 379 259 2 439 247 377 228 502 265
488 177 365 208 2 427 193 364 175 491 211
485 162 364 193 2 423 180 361 160 485 199
482 145 359 180 2 418 166 355 145 481 186
476 132 353 166 2 415 151 353 132 478 169
473 115 352 154 2 409 137 347 115 472 159
