838 496 858 672 2 850 589 831 498 870 679
813 501 832 673 2 824 587 808 499 840 675
783 504 804 676 2 794 595 778 502 811 687
759 499 775 664 2 768 589 753 508 784 669
805 301 829 462 2 818 383 799 300 837 465
786 300 811 463 2 803 384 786 301 820 466
768 304 793 465 2 782 387 763 306 801 468
757 345 777 471 2 769 406 754 345 784 466
684 136 759 241 2 724 192 684 139 765 244
675 151 744 250 2 712 200 673 147 751 252
661 159 732 261 2 697 209 657 159 738 258
648 168 720 265 2 684 218 645 168 724 268
519 217 571 369 2 550 295 514 214 586 375
