540 291 715 310 2 624 301 537 286 712 316
541 313 709 325 2 626 321 540 309 712 333
537 334 712 345 2 626 338 540 330 712 346
362 307 537 312 2 446 308 359 297 534 319
359 325 535 333 2 445 328 355 316 535 339
694 414 374 393 1 533 410 370 369 697 451
703 541 568 535 2 635 536 565 526 706 546
700 556 570 550 2 633 551 567 540 700 562
658 624 448 613 2 550 618 442 601 658 634
621 643 445 637 2 531 637 445 627 618 646
618 663 448 657 2 531 657 443 645 619 669
665 137 426 121 5 546 127 428 104 665 150
