179 608 218 743 2 201 672 174 602 228 742
677 721 589 648 2 635 685 590 646 681 723
482 571 572 639 2 526 607 478 567 575 647
372 476 465 553 2 420 515 373 472 468 558
253 381 347 459 2 302 424 253 380 352 467
594 566 742 685 1 668 627 587 558 750 695
459 467 555 545 2 506 509 454 462 559 556
413 434 376 404 0 394 419 1025 0 1025 0
309 348 367 395 0 338 371 307 346 370 395
702 497 797 629 2 752 566 697 498 808 634
755 465 850 595 2 804 533 750 462 859 603
780 465 859 568 2 821 515 777 461 866 569
888 553 969 488 0 928 521 1025 0 1025 0
669 283 772 202 2 722 242 668 195 777 289
713 181 671 123 0 692 152 1025 0 1025 0
509 152 467 96 0 489 120 464 87 514 153
