751 429 896 454 2 821 445 744 425 899 464
895 508 749 490 2 818 498 745 477 892 519
699 613 889 596 1 793 604 695 576 892 632
745 676 870 660 2 806 667 739 651 874 682
719 679 604 689 2 663 683 607 669 720 697
474 707 593 693 2 535 699 476 687 594 711
339 723 459 707 2 399 713 335 697 464 728
250 626 188 533 2 221 580 188 529 255 631
365 386 238 367 2 302 376 238 358 367 393
264 354 339 363 0 302 376 238 358 367 393
28 314 148 329 2 91 323 27 310 155 336
222 269 161 310 0 191 289 156 263 227 314
149 185 144 235 0 146 210 1025 0 1025 0
158 123 151 173 0 154 148 1025 0 1025 0
233 35 187 29 0 210 32 1025 0 1025 0
262 47 255 101 0 258 74 1025 0 1025 0
654 84 640 207 2 645 147 631 84 660 210
