730 70 563 18 2 647 41 559 6 735 75
862 243 987 329 2 922 286 857 240 988 332
679 239 540 232 2 612 235 540 227 685 243
511 229 376 221 2 443 227 371 217 515 236
329 221 186 215 2 257 218 182 210 333 225
166 213 30 209 2 97 212 27 203 167 220
118 479 246 579 2 184 532 111 479 257 584
859 244 981 326 2 921 287 856 239 987 334
982 499 1003 355 2 992 428 970 355 1015 501
483 138 717 155 1 599 145 481 118 717 172
516 664 550 757 6 537 707 497 663 577 751
148 538 142 585 6 151 568 130 537 173 598
