631 680 723 533 2 677 608 624 528 730 687
770 461 851 326 2 811 394 763 325 859 462
419 578 510 425 2 466 500 413 424 520 576
529 407 667 190 1 601 296 523 178 680 414
380 546 470 396 2 421 470 370 393 473 547
402 461 450 393 0 429 425 404 391 455 459
290 495 353 534 0 321 515 1025 0 1025 0
323 281 222 446 2 264 368 209 282 320 453
167 418 282 230 2 229 325 160 226 299 424
191 28 117 145 2 146 83 103 21 190 145
108 179 37 290 4 68 236 25 174 112 298
688 485 826 259 1 755 381 665 259 846 502
