963 334 984 465 2 977 400 958 330 996 469
915 420 870 90 2 890 257 847 87 934 426
759 522 856 508 2 807 515 755 498 859 531
867 523 919 514 0 893 519 1025 0 1025 0
636 333 605 97 2 614 215 581 91 647 339
654 390 666 484 2 661 437 643 385 680 489
631 544 501 562 2 565 551 496 532 635 570
429 366 455 537 2 444 452 422 363 467 541
421 306 398 134 2 412 216 391 126 433 306
371 312 347 137 2 358 224 340 135 376 313
377 367 402 541 2 391 455 371 366 412 543
201 569 178 373 2 187 471 163 372 211 570
168 301 144 129 2 156 210 136 121 176 298
54 105 101 418 5 78 264 44 102 113 426
