850 91 906 217 2 876 158 838 93 915 222
934 288 991 432 2 962 364 927 289 997 438
832 462 777 331 2 806 401 774 333 838 469
759 282 705 150 2 730 219 701 153 760 285
792 478 741 342 2 764 413 733 346 796 480
724 304 666 160 2 694 232 658 156 731 307
535 198 634 157 2 585 181 536 156 634 205
585 517 544 417 2 561 470 533 421 590 519
502 216 549 331 2 526 276 500 219 553 333
338 348 436 594 2 392 479 331 351 454 607
175 526 114 372 2 141 449 103 369 179 529
193 562 253 711 2 225 641 188 562 262 720
133 552 205 730 2 169 645 128 553 211 736
333 460 357 514 0 392 479 331 351 454 607
361 526 379 583 0 392 479 331 351 454 607
328 445 301 390 0 315 424 298 394 332 454
