927 183 807 100 2 861 144 794 100 929 187
762 138 888 229 2 829 189 759 139 899 238
606 25 721 108 2 662 71 599 27 726 115
624 232 489 142 2 556 192 484 141 628 242
468 180 588 259 2 531 227 470 183 592 271
369 316 468 390 2 417 357 363 316 472 398
537 436 637 507 2 588 474 531 434 645 513
469 442 610 540 2 545 496 470 443 621 549
345 343 444 420 2 392 385 341 346 444 424
247 468 309 382 2 280 428 245 381 315 474
400 598 499 667 2 449 641 396 601 503 680
367 621 466 691 2 417 664 363 625 472 703
