898 523 936 316 2 916 416 888 313 945 519
849 477 882 309 2 870 392 849 309 891 475
823 664 844 532 2 835 597 820 529 850 664
666 634 784 657 2 724 649 664 633 784 664
673 408 700 274 2 687 343 669 273 705 412
594 618 621 484 2 608 550 592 480 625 619
484 208 446 360 2 464 286 440 207 488 364
443 403 404 573 2 422 489 400 402 445 576
443 192 401 369 2 420 278 395 190 445 366
403 396 368 570 2 383 482 361 394 406 570
278 127 241 301 2 252 213 230 126 275 300
161 376 212 124 1 188 251 146 121 230 381
