855 247 717 190 2 782 215 708 181 856 249
567 174 439 127 2 502 146 436 115 568 177
681 226 838 289 2 761 261 682 225 841 297
798 439 841 331 2 821 385 796 330 847 439
628 402 790 466 2 708 437 625 400 792 474
771 514 613 447 2 689 481 606 445 772 517
388 355 546 420 2 466 391 385 354 547 427
618 393 388 295 1 504 343 383 280 625 406
541 616 705 682 2 626 654 546 616 706 691
520 663 684 730 2 605 704 525 663 685 744
343 529 497 597 2 418 568 340 528 497 607
488 651 316 582 2 400 610 310 570 490 649
