678 594 762 463 2 722 527 678 459 766 595
520 525 436 655 2 476 590 431 522 522 658
546 487 624 354 2 588 419 544 348 633 489
598 316 505 462 2 549 390 499 315 600 465
400 631 476 514 2 441 570 400 510 482 630
571 286 473 226 2 519 256 466 222 573 289
374 162 280 106 2 325 132 272 99 379 165
404 190 332 303 2 367 246 328 187 407 304
440 211 367 325 2 401 272 361 210 442 333
346 369 253 514 2 296 444 244 367 349 520
287 381 209 498 2 245 443 205 384 286 502
236 99 158 214 2 196 161 157 102 235 219
128 270 59 379 2 94 326 55 264 134 387
32 328 169 115 1 101 223 17 106 185 340
