814 112 873 240 2 845 179 814 115 876 243
888 264 942 387 4 922 325 888 259 957 390
876 379 765 108 2 815 241 747 103 883 379
873 453 763 499 2 818 479 762 451 874 507
676 379 724 487 2 701 437 672 381 730 492
672 349 594 157 2 627 247 579 147 676 346
619 366 535 171 2 572 266 523 163 621 369
555 589 666 543 2 610 566 555 540 666 592
512 592 451 435 2 478 515 445 433 512 597
430 391 373 249 2 395 319 361 247 430 390
389 405 331 259 2 352 334 317 259 388 408
215 447 155 300 2 180 369 145 297 215 441
160 468 97 322 2 123 393 88 319 158 466
238 496 298 643 2 270 571 235 496 305 645
