806 342 946 369 2 877 359 810 342 945 375
807 356 941 392 2 872 376 805 355 940 396
960 416 825 378 2 892 398 819 374 965 422
666 337 800 369 2 734 353 667 331 802 375
659 324 605 310 0 632 317 1025 0 1025 0
596 321 651 332 0 623 327 1025 0 1025 0
569 304 404 255 2 485 278 401 244 569 312
361 275 261 414 2 307 345 250 268 365 421
5 387 85 343 0 45 365 1025 0 1025 0
82 317 137 246 0 110 280 82 243 139 316
252 686 148 663 2 198 672 143 655 253 688
203 742 104 713 2 154 727 103 711 205 742
