964 646 974 534 2 969 592 958 535 981 649
952 646 962 531 2 956 593 945 534 967 651
846 342 833 472 2 838 407 822 340 855 474
701 486 715 376 2 708 433 697 376 719 489
686 489 697 384 2 691 437 679 382 704 492
667 490 680 389 2 673 439 661 387 685 490
681 360 694 229 2 688 295 676 229 700 361
641 387 659 256 2 651 322 635 253 667 391
502 437 515 308 2 508 370 496 304 520 436
483 440 500 299 2 490 370 476 297 505 442
522 249 537 98 2 531 173 515 97 547 249
503 245 521 99 2 512 172 496 96 529 247
456 324 468 130 1 460 228 434 127 487 328
399 642 411 500 2 405 572 389 498 422 645
248 580 272 384 5 258 485 233 387 284 583
638 468 646 416 0 642 442 1025 0 1025 0
736 681 731 741 0 733 711 1025 0 1025 0
831 487 816 564 3 823 526 813 487 834 565
814 609 801 681 3 808 645 798 612 819 678
781 573 777 661 3 782 614 772 567 793 661
772 573 771 658 3 768 612 759 571 778 652
