789 304 777 436 2 782 372 766 306 798 438
442 419 458 263 2 450 341 434 264 466 417
429 389 444 261 2 434 325 421 259 448 391
450 221 470 60 2 460 140 443 57 478 222
418 175 428 70 2 409 117 395 51 424 183
402 183 416 57 2 409 117 395 51 424 183
387 179 402 53 2 394 116 379 48 410 183
397 398 402 345 0 399 372 1025 0 1025 0
406 318 411 253 0 408 286 1025 0 1025 0
387 398 394 345 0 390 372 1025 0 1025 0
394 311 401 261 0 397 286 1025 0 1025 0
377 395 384 339 0 380 367 1025 0 1025 0
385 307 387 259 0 386 283 1025 0 1025 0
350 568 359 468 2 355 519 343 468 367 570
342 711 346 655 0 344 683 1025 0 1025 0
255 409 244 524 2 246 466 236 412 256 520
192 543 213 344 5 201 442 173 339 229 544
69 515 108 167 5 94 340 49 166 139 513
