429 309 603 306 1 515 304 428 288 603 320
922 303 816 306 2 867 306 815 299 919 312
970 323 809 329 2 891 324 809 312 973 336
623 322 748 319 2 682 319 618 312 746 326
618 333 745 332 2 683 336 618 329 749 342
815 364 960 361 2 886 362 813 354 960 370
811 381 943 380 2 876 379 809 371 943 386
638 371 760 369 2 700 367 636 358 764 376
633 389 758 382 2 695 386 633 378 758 393
621 403 757 401 2 691 403 625 396 757 409
696 498 838 490 2 770 494 696 481 844 506
699 517 843 511 2 769 512 696 501 843 523
857 546 729 547 2 789 543 726 532 853 553
875 565 726 568 2 800 567 726 555 874 578
552 703 619 702 3 585 702 549 693 621 711
460 673 543 673 3 494 673 449 663 540 682
512 573 576 576 3 546 574 509 565 583 582
512 589 585 592 3 548 589 509 580 588 597
525 600 579 600 3 553 599 519 591 588 607
636 552 702 549 3 671 548 637 541 705 555
