165 212 346 236 5 254 224 158 199 350 249
101 356 274 370 1 186 365 99 346 274 383
478 416 654 434 1 567 427 478 405 656 448
292 406 436 419 2 360 414 290 401 431 427
479 463 616 473 2 548 468 480 452 616 483
286 439 432 452 2 361 448 290 436 432 459
469 482 616 496 2 539 491 465 475 613 507
341 591 474 608 2 410 601 345 586 475 616
376 629 500 642 2 435 637 371 625 500 649
249 616 349 629 2 296 622 246 612 346 632
246 632 349 649 2 298 640 242 626 354 653
299 742 373 753 3 342 750 305 739 379 760
193 735 275 745 3 237 735 202 723 272 747
149 624 227 646 3 195 637 158 627 233 646
