573 168 764 187 1 668 177 570 154 766 200
269 118 405 129 2 335 123 266 109 405 137
649 216 791 232 2 721 226 648 212 794 240
648 238 789 253 2 717 247 644 232 790 261
462 200 600 211 2 529 204 459 191 600 217
469 218 594 229 2 531 228 466 216 597 239
515 353 638 363 2 579 358 514 346 644 370
541 389 663 403 2 601 394 539 381 664 406
417 376 514 389 2 461 380 412 372 511 387
416 392 520 402 2 468 400 416 388 520 412
422 409 521 420 2 471 417 419 403 524 430
560 546 432 532 2 497 539 434 526 560 551
266 648 370 659 2 320 651 266 642 374 660
269 662 369 670 2 314 668 259 659 369 676
344 517 406 531 3 380 526 344 514 416 538
236 510 302 520 3 268 514 235 504 301 523
