843 690 843 581 2 844 636 836 579 853 692
830 689 828 586 2 828 637 820 581 836 693
703 405 701 532 2 703 471 693 406 713 536
574 557 579 456 2 578 509 570 456 586 562
559 566 564 465 2 564 514 555 465 573 563
545 566 547 471 2 544 514 537 466 551 562
545 439 546 308 2 547 377 541 312 553 442
509 472 512 344 2 512 408 501 342 523 473
385 349 386 204 2 384 276 376 202 392 350
365 347 367 202 2 368 274 359 202 377 346
379 529 384 401 2 383 464 376 401 390 526
365 537 361 401 2 363 470 355 398 372 541
324 428 324 239 1 320 337 302 239 338 435
299 739 298 598 2 300 669 291 598 310 739
151 689 155 506 5 153 599 136 502 170 696
663 648 667 714 3 663 678 655 636 672 720
