850 308 970 331 2 907 319 845 303 969 334
846 323 967 343 2 906 332 846 320 967 343
853 339 947 357 2 901 350 853 336 950 364
476 246 573 264 2 524 259 476 243 573 274
807 368 956 396 2 884 382 805 360 964 403
643 333 769 357 2 703 347 641 332 766 362
621 350 760 371 2 690 363 618 342 763 383
699 685 577 667 2 641 677 576 657 706 696
702 131 511 99 5 607 115 511 85 703 144
621 637 697 655 3 659 646 621 634 697 658
589 639 517 625 3 557 632 523 621 591 642
481 649 561 666 3 521 656 484 645 558 666
