801 187 797 340 2 799 265 787 187 812 342
781 207 775 340 2 778 273 768 206 789 340
739 368 741 217 2 740 295 730 217 751 372
720 369 717 214 2 719 295 708 216 730 373
596 243 602 106 2 604 174 593 103 615 244
582 232 590 79 2 585 157 575 79 596 235
612 441 618 301 2 615 371 605 300 625 441
596 431 602 299 2 598 363 589 295 608 431
579 426 579 288 2 579 357 565 289 593 425
549 72 545 237 2 545 152 530 67 561 236
529 122 522 226 2 523 175 512 120 535 229
538 445 543 302 2 542 370 533 301 552 439
523 439 530 305 2 526 373 518 304 535 441
496 651 503 458 1 498 554 480 456 517 652
