144 497 65 672 2 101 587 49 495 152 680
248 230 303 88 2 276 158 244 82 307 234
305 235 358 98 2 333 164 301 93 364 235
290 221 341 94 2 317 154 289 90 345 219
419 242 492 54 2 459 143 417 46 501 241
481 247 533 111 2 511 175 478 103 543 247
465 237 514 108 2 489 172 460 106 517 238
185 432 157 488 0 171 460 0 769 0 769
192 416 134 392 0 163 404 0 769 0 769
69 359 124 386 0 97 372 0 769 0 769
118 265 92 322 0 105 293 0 769 0 769
401 537 338 694 2 367 614 327 531 406 697
501 291 415 508 1 461 398 402 283 519 513
