187 703 231 559 2 214 629 189 552 239 706
228 714 270 567 2 251 641 224 566 277 716
249 712 287 581 2 268 645 248 580 288 710
353 696 394 532 2 380 610 352 532 407 689
378 681 410 541 2 400 608 378 541 421 675
394 688 430 551 2 413 618 392 547 433 689
425 719 465 561 2 449 642 423 562 475 723
452 709 488 562 2 471 633 447 555 494 712
474 712 508 558 2 495 641 472 566 517 716
740 342 789 447 2 767 393 744 342 790 444
866 268 901 396 2 884 333 863 268 905 398
712 43 737 149 2 726 92 711 38 741 146
