418 523 231 512 2 327 517 231 502 423 533
768 519 939 523 2 852 524 765 509 939 540
796 504 921 509 2 859 508 793 501 925 516
784 488 923 494 2 858 491 784 484 932 498
745 446 970 445 2 859 446 747 432 971 461
716 330 887 343 2 805 340 725 331 884 350
733 312 880 324 2 805 317 726 303 883 332
712 293 877 304 2 797 302 716 289 878 315
724 258 870 259 2 794 260 718 252 870 269
705 236 873 240 2 785 238 697 225 873 251
716 213 870 216 2 805 212 722 202 887 223
170 214 426 240 1 300 227 168 196 431 259
722 540 465 527 1 594 536 464 512 723 561
