995 383 864 413 2 926 402 858 378 994 426
681 420 789 395 2 734 407 677 391 790 423
617 332 581 184 2 598 255 571 181 625 330
507 206 547 353 2 529 279 502 201 555 357
444 220 476 336 2 460 277 442 217 477 337
522 474 479 354 2 497 411 472 347 521 475
332 545 275 427 2 304 484 271 419 336 549
217 300 257 390 2 240 343 211 294 269 392
242 501 170 351 2 205 424 159 349 251 500
63 617 166 597 2 116 604 63 589 169 620
73 669 174 648 2 124 657 73 642 175 672
75 699 185 682 2 129 689 71 673 187 705
157 486 134 436 3 145 465 130 441 160 490
