88 613 53 433 2 68 520 40 426 95 615
163 595 142 463 2 150 526 130 454 170 598
98 283 134 435 2 118 359 92 282 143 436
448 531 411 415 2 428 473 403 412 453 534
339 217 390 366 2 367 294 330 216 403 373
444 283 511 460 2 477 373 429 276 525 471
594 403 627 463 2 611 431 591 394 630 469
670 162 547 172 2 608 167 546 152 669 183
665 96 547 108 2 604 103 543 88 665 118
666 58 528 67 2 598 63 528 50 667 76
546 273 517 211 3 528 242 511 213 544 271
576 370 546 307 3 559 338 541 307 577 370
586 369 561 304 3 571 344 555 312 586 376
