214 13 318 33 2 265 24 205 10 324 39
606 194 646 100 2 629 147 603 96 655 198
640 172 666 106 0 653 139 0 769 0 769
682 176 696 113 0 689 144 0 769 0 769
670 159 686 109 0 678 134 0 769 0 769
871 258 898 186 0 886 221 867 183 904 260
968 278 985 185 2 979 231 963 182 994 280
56 448 62 585 2 64 515 47 442 80 588
142 503 145 576 0 143 539 134 500 151 578
161 499 161 572 0 163 536 154 499 171 574
276 495 285 597 2 281 543 268 489 294 597
392 471 361 612 2 376 541 351 469 400 613
463 473 429 628 2 447 550 420 472 474 628
541 439 515 625 2 528 531 502 436 553 627
569 528 559 633 2 568 580 555 528 580 633
658 514 655 628 2 660 564 646 507 673 621
689 571 683 632 0 657 571 645 512 668 630
