232 721 347 727 2 292 727 233 718 350 736
241 699 338 696 2 291 696 235 687 346 706
247 672 349 672 2 294 674 241 664 346 684
383 207 278 189 2 332 199 275 189 388 210
412 189 280 172 2 341 180 269 165 412 196
759 259 936 271 2 843 269 747 253 939 286
868 96 967 102 2 920 101 867 91 972 111
868 78 975 82 2 919 79 865 69 972 90
790 438 913 445 2 848 440 784 426 912 454
823 522 922 508 2 873 511 817 495 928 528
793 558 921 549 2 861 552 792 538 930 567
778 570 931 583 2 853 576 775 564 930 588
