53 467 78 381 2 66 424 46 381 85 468
83 466 100 406 0 93 436 80 403 106 469
118 485 166 383 2 144 432 115 376 172 489
131 491 178 390 2 156 438 127 384 185 492
242 293 408 341 2 328 321 241 288 415 354
248 268 414 316 2 333 294 245 264 420 324
294 268 347 284 0 333 294 245 264 420 324
533 496 433 370 2 482 431 429 366 534 496
546 484 449 358 2 497 421 444 355 549 487
561 474 459 345 2 508 408 453 340 562 477
575 463 471 333 2 522 397 468 330 576 465
812 181 768 53 2 787 115 757 49 817 181
