214 618 81 572 2 148 593 81 568 214 619
221 608 97 558 2 160 583 94 558 226 609
228 594 101 545 2 162 567 99 544 224 591
270 472 126 417 2 195 443 120 411 269 476
245 441 129 401 2 188 420 129 395 246 445
259 430 134 385 2 196 406 129 381 263 432
291 405 148 350 2 222 376 153 348 291 404
284 382 155 332 2 223 357 153 332 292 382
292 365 162 310 2 227 335 160 308 294 362
667 419 609 293 2 639 357 604 294 674 421
715 402 653 276 2 679 337 646 269 712 405
848 192 902 323 2 875 257 845 189 904 326
987 21 974 166 2 976 97 963 24 989 170
151 19 113 249 1 131 133 95 19 166 248
526 189 525 121 3 524 150 516 117 531 183
535 183 537 112 3 537 150 531 117 543 183
547 187 549 118 3 549 152 543 120 555 184
