602 707 526 719 0 564 713 0 769 0 769
687 687 772 674 0 731 678 684 664 777 693
536 687 611 673 0 574 680 0 769 0 769
624 671 778 639 2 704 655 625 630 783 681
795 634 805 516 2 801 577 789 514 813 640
814 468 825 368 2 823 420 810 370 835 471
859 433 837 602 2 846 516 823 427 868 606
663 482 685 439 0 674 460 0 769 0 769
558 620 562 573 0 560 596 0 769 0 769
547 549 540 591 0 544 570 0 769 0 769
415 609 438 629 0 427 619 0 769 0 769
579 472 592 358 2 590 417 573 357 607 478
382 357 498 367 2 440 363 381 351 498 376
522 374 527 332 0 525 353 0 769 0 769
95 290 237 309 0 165 297 94 280 236 315
298 545 377 547 0 338 546 0 769 0 769
18 281 82 290 0 50 285 0 769 0 769
194 223 249 228 0 222 225 0 769 0 769
200 216 247 217 0 224 216 0 769 0 769
210 172 258 177 0 234 174 0 769 0 769
215 149 260 153 0 238 151 0 769 0 769
409 30 294 60 2 350 49 291 28 408 70
482 28 540 79 0 513 55 477 24 549 87
555 92 554 135 0 555 113 0 769 0 769
537 193 540 151 0 539 172 0 769 0 769
547 199 550 149 0 549 174 0 769 0 769
