177 78 92 10 2 132 41 86 6 178 76
417 229 314 137 2 362 181 309 129 414 234
502 325 419 258 2 458 291 417 258 499 325
681 365 574 342 2 626 352 571 334 681 370
727 269 604 206 2 664 233 598 195 730 271
677 379 572 354 2 626 365 570 348 681 382
518 357 410 269 2 464 308 408 261 519 355
398 241 294 148 2 345 189 292 139 397 240
169 88 84 21 2 127 55 80 18 173 93
160 99 76 29 2 119 62 74 25 164 100
384 258 279 165 2 330 210 274 160 385 261
370 274 264 182 2 315 225 259 177 370 274
507 370 401 280 2 454 324 397 277 510 372
498 382 392 292 2 443 333 387 285 499 382
675 392 568 367 2 622 377 565 361 679 394
671 404 564 380 2 618 390 564 373 672 408
668 417 562 392 2 618 404 562 388 673 421
