224 492 59 481 2 144 485 59 469 229 502
227 466 64 451 2 144 458 59 445 229 472
230 442 65 427 2 146 432 61 420 230 445
238 414 77 402 2 160 408 74 394 245 423
425 496 263 490 2 347 493 263 486 430 501
427 477 266 471 2 344 474 260 466 427 483
425 459 265 454 2 345 455 262 448 428 463
389 439 266 438 2 323 439 262 432 383 447
556 223 397 252 2 476 242 392 217 559 267
613 403 496 459 2 551 433 490 403 612 463
606 391 487 447 2 543 420 482 390 604 450
595 378 481 432 2 537 404 476 376 597 433
592 361 476 418 2 528 391 470 360 586 423
