633 625 469 615 2 550 620 469 603 631 637
446 480 570 480 2 511 480 446 474 576 487
589 502 733 499 2 658 498 588 490 727 507
589 481 720 484 2 656 482 588 475 724 490
778 336 766 202 2 772 268 760 202 784 334
793 334 780 204 2 788 268 777 204 798 333
810 333 798 202 2 802 265 792 199 811 331
867 325 853 195 2 858 259 847 195 868 324
885 321 867 189 2 874 257 862 190 885 324
898 318 883 190 2 890 253 876 186 903 321
913 319 900 190 2 907 254 894 190 919 318
931 315 913 190 2 920 251 907 184 933 318
