326 679 472 681 2 402 681 325 669 478 693
517 726 682 730 2 601 729 517 720 684 738
516 709 679 711 2 598 708 511 702 684 715
484 687 687 693 2 583 686 479 675 687 697
726 538 703 409 2 715 472 699 406 730 538
739 535 721 408 2 727 468 715 402 738 535
750 532 736 406 2 740 471 729 406 751 537
835 546 828 390 2 828 466 819 388 837 544
846 538 844 388 2 844 463 837 385 850 541
862 534 861 390 2 861 461 852 385 870 537
940 510 913 382 2 925 446 906 382 943 510
951 507 925 379 2 938 444 919 381 957 507
966 505 942 378 2 952 441 936 375 967 507
