449 601 301 600 2 374 601 299 591 448 612
433 586 305 585 2 368 585 302 579 433 592
430 568 304 570 2 366 571 301 564 431 579
443 555 283 550 2 363 551 280 543 445 559
443 537 284 532 2 362 535 281 526 443 544
649 598 463 597 2 562 597 463 585 660 609
630 574 463 567 2 546 569 455 556 636 582
627 547 464 537 2 547 542 460 528 633 556
455 516 624 528 2 540 523 458 514 622 532
457 499 619 511 2 542 506 458 495 625 517
832 489 682 553 2 756 522 676 487 835 558
844 511 693 576 2 768 546 684 508 852 585
765 354 618 394 2 689 378 612 354 766 402
784 333 618 363 2 702 349 612 325 792 373
49 295 35 163 2 42 225 31 159 53 292
61 286 55 162 2 56 229 44 166 68 292
152 298 139 154 2 142 224 130 148 154 301
161 295 157 150 2 156 221 146 148 166 295
176 295 172 151 2 175 221 166 147 184 295
260 264 239 144 2 250 203 235 139 265 267
275 264 254 139 2 265 200 251 138 278 262
