283 465 443 427 2 363 444 280 418 446 471
595 247 433 240 2 513 245 430 235 595 256
598 231 434 223 2 517 228 433 220 601 237
597 213 431 205 2 516 207 431 199 601 216
597 198 433 189 2 517 192 433 183 600 201
607 243 769 253 2 690 249 606 235 774 264
607 216 774 225 2 692 224 606 210 778 238
610 190 778 199 2 692 195 609 183 775 208
802 199 955 198 2 877 198 799 184 954 213
782 525 793 652 2 788 588 777 525 798 652
794 529 810 651 2 803 590 791 530 814 651
806 529 827 648 2 818 588 804 528 831 648
