166 180 146 43 2 150 112 133 42 167 183
178 177 161 40 2 168 107 149 37 187 177
197 376 175 205 2 187 284 169 196 205 373
224 370 205 201 2 212 286 194 199 230 373
250 370 232 201 2 240 285 218 199 262 372
227 550 209 394 2 219 470 199 388 239 552
256 597 349 727 2 305 663 254 597 355 729
268 589 362 718 2 321 654 271 591 370 718
364 693 278 565 2 317 630 268 565 365 696
514 648 457 504 2 480 578 442 505 517 651
503 151 631 121 2 568 134 502 114 634 154
506 139 627 103 2 571 118 511 97 631 139
502 129 622 82 2 564 102 503 76 624 129
