205 417 184 252 2 197 331 175 246 218 417
317 202 335 327 2 332 268 316 207 347 330
323 348 344 481 2 335 420 319 354 350 487
338 352 358 475 2 350 415 335 352 364 478
513 513 640 478 2 576 494 511 475 640 514
516 526 642 492 2 580 508 513 487 646 529
520 540 646 510 2 586 522 523 504 648 541
537 592 660 561 2 598 576 534 558 661 594
540 607 661 576 2 602 589 540 570 664 609
543 624 666 589 2 607 603 544 583 670 624
549 637 672 603 2 610 618 547 600 672 637
552 654 673 615 2 616 632 553 610 678 654
