187 273 167 97 2 175 180 155 90 194 271
212 268 193 96 2 201 182 185 94 217 270
242 265 221 93 2 231 174 214 82 247 267
266 270 250 105 2 257 180 241 100 272 261
220 468 196 307 2 207 386 188 304 226 469
239 469 214 306 2 222 385 205 303 239 468
257 465 232 304 2 243 382 224 301 262 463
268 424 248 298 2 256 363 241 303 271 424
341 633 266 528 2 301 577 260 525 341 630
350 618 281 519 2 313 569 274 517 352 622
364 610 293 508 2 328 560 287 511 368 610
377 601 305 504 2 341 551 301 501 380 601
506 552 454 400 2 475 474 439 394 511 555
