485 478 310 459 2 401 468 313 453 488 483
484 456 316 444 2 399 448 313 436 485 460
488 435 313 424 2 399 431 313 423 485 439
663 462 488 457 2 579 461 491 450 666 472
666 444 490 436 2 580 441 490 430 670 453
331 355 651 376 1 492 359 328 318 655 400
322 228 457 234 2 390 233 319 223 460 243
325 213 455 219 2 392 218 325 207 458 229
367 145 577 156 2 475 151 367 135 583 168
404 126 580 132 2 494 132 407 123 580 142
407 106 577 112 2 494 112 406 100 582 124
360 632 599 648 5 479 642 360 619 597 665
