846 161 807 26 2 824 97 797 27 851 167
348 48 436 121 2 390 84 344 46 435 123
543 198 453 130 2 499 162 450 122 547 202
653 293 560 216 2 605 254 557 211 652 297
772 388 678 310 2 723 345 673 302 772 389
431 203 283 84 1 357 142 275 74 438 211
566 302 470 224 2 519 260 466 213 571 307
612 335 649 365 0 631 350 0 769 0 769
716 421 658 374 0 687 398 655 374 718 423
323 272 228 140 2 273 203 217 135 328 271
270 304 175 174 2 221 236 166 166 275 307
245 304 166 201 2 204 254 159 200 248 308
137 216 56 281 0 97 248 0 769 0 769
356 486 253 567 2 303 527 248 480 357 574
312 588 354 646 0 333 617 0 769 0 769
516 617 558 673 0 536 649 511 616 561 682
