274 340 129 315 2 204 324 126 305 281 344
130 261 276 279 2 207 271 133 250 280 292
326 156 136 173 1 232 165 133 137 330 193
280 93 155 109 2 219 102 151 87 286 118
306 90 421 80 2 362 86 305 72 418 100
551 62 432 76 2 490 70 431 58 549 82
686 46 566 62 2 626 56 561 41 690 72
775 143 837 236 2 804 189 770 138 837 240
660 383 787 402 2 723 393 658 376 787 411
761 415 686 406 0 723 393 658 376 787 411
997 455 877 440 2 934 446 870 433 998 459
803 500 864 459 0 834 480 798 455 869 506
876 584 881 534 0 879 559 0 769 0 769
867 646 874 596 0 871 621 0 769 0 769
792 734 838 740 0 815 737 0 769 0 769
763 722 770 668 0 767 695 0 769 0 769
371 685 385 562 2 380 622 365 559 394 685
