295 699 462 751 2 378 728 290 694 466 763
163 526 38 440 2 103 483 37 437 168 529
346 530 485 537 2 413 534 340 526 485 542
514 540 649 548 2 582 542 510 533 654 552
696 548 839 554 2 768 551 692 544 843 559
859 556 995 560 2 928 557 858 549 998 566
907 290 779 190 2 841 237 768 185 914 290
166 525 44 443 2 104 482 38 435 169 530
43 270 22 414 2 33 341 10 268 55 414
542 631 308 614 1 426 624 308 597 544 651
509 105 475 12 6 488 62 448 18 528 106
877 231 883 184 6 874 201 852 171 895 232
