394 89 302 236 2 348 161 295 82 401 241
255 308 174 443 2 214 375 166 307 262 444
606 191 515 344 2 559 269 505 193 612 345
496 362 358 579 1 424 473 345 355 502 591
645 223 555 373 2 604 299 552 222 655 376
623 308 575 376 0 596 344 570 310 621 378
735 274 672 235 0 704 254 0 769 0 769
702 488 803 323 2 761 401 705 316 816 487
858 351 743 539 2 796 444 726 345 865 543
834 741 908 624 2 879 686 835 624 922 748
917 590 988 479 4 957 533 913 471 1000 595
337 284 199 510 1 270 388 179 267 360 510
