62 435 41 304 2 48 369 29 300 67 439
110 349 155 679 2 135 512 91 343 178 682
266 247 169 261 2 218 254 166 238 270 271
158 246 106 255 0 132 250 0 769 0 769
389 436 420 672 2 411 554 378 430 444 678
371 379 359 285 2 364 332 345 280 382 384
394 225 524 207 2 460 218 390 199 529 237
596 403 570 232 2 581 317 558 228 603 406
604 463 627 635 2 613 553 592 463 634 643
654 457 678 632 2 667 545 649 456 685 634
648 402 623 228 2 634 314 613 226 654 403
824 200 847 396 2 838 298 814 199 862 397
857 468 881 640 2 869 559 849 471 889 648
971 664 924 351 5 947 505 912 343 981 667
