175 678 119 552 2 149 611 110 547 187 676
91 481 34 337 2 63 405 28 331 98 480
193 307 248 438 2 219 368 187 300 251 436
266 487 320 619 2 295 550 265 484 324 616
233 291 284 427 2 261 356 229 289 292 423
301 465 359 609 2 331 537 294 462 367 613
490 571 391 612 2 440 588 391 564 489 613
440 252 481 352 2 464 299 435 250 492 348
523 553 476 438 2 499 493 472 436 525 550
687 421 589 175 2 633 290 571 162 694 418
850 243 911 397 2 884 320 846 240 922 400
832 207 772 58 2 800 128 763 49 837 207
892 217 820 39 2 856 124 814 33 897 216
692 309 668 255 0 633 290 571 162 694 418
664 243 646 186 0 633 290 571 162 694 418
697 324 724 379 0 710 345 693 315 727 375
