98 586 218 669 2 164 625 96 582 231 669
263 631 137 540 2 196 580 126 531 266 630
419 744 304 661 2 363 698 299 654 426 742
401 537 536 627 2 469 577 397 527 541 628
557 589 437 510 2 494 542 433 498 555 586
656 453 557 379 2 608 412 553 371 662 453
488 333 388 262 2 437 295 380 256 494 335
556 327 415 229 2 480 273 404 220 555 326
680 426 581 349 2 633 384 581 345 684 423
778 301 716 387 2 745 341 710 295 780 388
625 171 526 102 2 576 128 522 89 629 168
658 148 559 78 2 608 105 553 66 662 144
