127 246 89 453 2 109 353 80 250 137 456
176 292 143 460 2 155 377 134 294 176 460
202 105 181 237 2 190 172 175 105 205 240
359 135 241 112 2 301 120 241 105 361 136
352 361 325 495 2 338 426 320 357 356 496
431 151 404 285 2 417 219 400 150 433 289
541 561 579 409 2 561 483 537 405 585 562
582 366 621 196 2 603 280 580 193 625 367
582 577 624 400 2 605 491 580 403 630 579
622 373 657 199 2 642 287 619 199 664 375
747 642 784 468 2 773 556 750 469 795 643
864 393 813 645 1 837 518 795 388 879 648
