170 522 308 579 2 243 554 169 520 317 588
458 595 586 642 2 523 623 457 592 589 654
344 543 187 480 2 264 508 184 472 343 544
227 330 184 438 2 204 384 178 330 229 439
397 367 235 303 2 317 332 233 295 400 369
254 255 412 322 2 336 288 253 252 419 324
637 414 479 349 2 559 378 478 342 640 415
407 376 637 474 1 521 426 400 363 642 489
484 153 320 87 2 399 115 319 78 479 153
505 106 341 39 2 420 65 340 25 500 106
682 240 528 172 2 607 201 528 162 685 241
537 118 709 187 2 625 159 535 120 715 199
