347 175 263 306 2 303 242 259 174 347 310
505 244 589 114 2 549 179 503 111 594 247
479 282 401 415 2 437 350 392 280 481 421
427 453 520 307 2 476 379 425 304 526 454
625 138 549 255 2 584 199 543 139 625 259
454 483 552 543 2 506 513 452 480 559 547
651 607 745 663 2 700 637 646 604 753 670
621 579 693 466 2 658 523 618 465 697 582
585 558 658 444 2 624 497 583 436 664 559
679 400 772 255 2 729 325 676 249 781 402
738 388 816 271 2 780 326 739 267 820 385
789 670 867 555 2 829 608 790 550 868 667
897 499 966 390 2 931 443 891 382 970 505
993 441 856 654 1 924 546 840 429 1008 663
