211 657 152 529 2 180 590 149 526 211 654
137 505 83 382 4 103 444 68 379 137 510
149 390 260 661 2 210 528 142 390 278 666
152 316 262 270 2 207 290 151 262 263 318
349 390 301 282 2 324 332 295 277 353 388
353 420 431 612 2 398 522 349 423 446 622
406 403 490 598 2 453 503 404 400 502 606
470 180 359 226 2 415 203 359 177 470 229
513 177 574 334 2 547 254 513 172 580 336
595 378 652 520 2 630 450 595 379 664 522
636 364 694 510 2 673 435 637 361 708 510
810 322 870 469 2 845 400 810 328 880 472
865 301 928 447 2 902 376 867 303 937 450
787 273 727 126 2 755 198 720 124 790 273
