214 151 81 197 2 148 176 81 150 214 201
221 161 97 211 2 160 186 94 160 226 211
228 175 101 224 2 162 202 99 178 224 225
270 297 126 352 2 195 326 120 293 269 358
245 328 129 368 2 188 349 129 324 246 374
259 339 134 384 2 196 363 129 337 263 388
291 364 148 419 2 222 393 153 365 291 421
284 387 155 437 2 223 412 153 387 292 437
292 404 162 459 2 227 434 160 407 294 461
667 350 609 476 2 639 412 604 348 674 475
715 367 653 493 2 679 432 646 364 712 500
848 577 902 446 2 875 512 845 443 904 580
987 748 974 603 2 976 672 963 599 989 745
151 750 113 520 1 131 636 95 521 166 750
526 580 525 648 3 524 619 516 586 531 652
535 586 537 657 3 537 619 531 586 543 652
547 582 549 651 3 549 617 543 585 555 649
