61 123 51 235 2 56 177 44 120 67 234
73 123 63 238 2 69 176 58 118 80 235
179 427 192 297 2 187 362 170 295 203 429
324 283 310 393 2 317 336 306 280 328 393
339 280 328 385 2 334 332 321 277 346 387
358 279 345 380 2 352 330 340 279 364 382
344 409 331 540 2 337 474 325 408 349 540
384 382 366 513 2 374 447 358 378 390 516
523 332 510 461 2 517 399 505 333 529 465
542 329 525 470 2 535 399 520 327 549 472
503 520 488 671 2 494 596 478 520 510 672
522 524 504 670 2 513 597 496 522 529 673
569 445 557 639 1 565 541 538 441 591 642
626 127 614 269 2 620 197 603 124 636 271
777 189 753 385 5 767 284 741 186 792 382
387 301 379 353 0 383 327 0 769 0 769
289 88 294 28 0 292 58 0 769 0 769
194 282 209 205 3 202 243 191 204 212 282
211 160 224 88 3 217 124 206 91 227 157
244 196 248 108 3 243 155 232 108 253 202
253 196 254 111 3 257 157 247 117 266 198
