236 465 248 333 2 243 397 227 331 259 463
583 350 567 506 2 575 428 559 352 591 505
596 380 581 508 2 591 444 577 378 604 510
575 548 555 709 2 565 629 547 547 582 712
607 594 597 699 2 616 652 601 586 630 718
623 586 609 712 2 616 652 601 586 630 718
638 590 623 716 2 631 653 615 586 646 721
628 371 623 424 0 626 397 0 769 0 769
619 451 614 516 0 617 483 0 769 0 769
638 371 631 424 0 635 397 0 769 0 769
631 458 624 508 0 628 483 0 769 0 769
648 374 641 430 0 645 402 0 769 0 769
640 462 638 510 0 639 486 0 769 0 769
675 201 666 301 2 670 250 658 199 682 301
683 58 679 114 0 681 86 0 769 0 769
770 360 781 245 2 779 303 769 249 789 357
833 226 812 425 5 824 327 796 225 852 430
956 254 917 602 5 931 429 886 256 976 603
