596 460 422 463 1 510 465 422 449 597 481
103 466 209 463 2 158 463 106 457 210 470
55 446 216 440 2 134 445 52 433 216 457
402 447 277 450 2 343 450 279 443 407 457
407 436 280 437 2 342 433 276 427 407 440
210 405 65 408 2 139 407 65 399 212 415
214 388 82 389 2 149 390 82 383 216 398
387 398 265 400 2 325 402 261 393 389 411
392 380 267 387 2 330 383 267 376 392 391
404 366 268 368 2 334 366 268 360 400 373
329 271 187 279 2 255 275 181 263 329 288
326 252 182 258 2 256 257 182 246 329 268
168 223 296 222 2 236 226 172 216 299 237
150 204 299 201 2 225 202 151 191 299 214
473 66 406 67 3 440 67 404 58 476 76
565 96 482 96 3 531 96 485 87 576 106
513 196 449 193 3 479 195 442 187 516 204
513 180 440 177 3 477 180 437 172 516 189
500 169 446 169 3 472 170 437 162 506 178
389 217 323 220 3 354 221 320 214 388 228
