860 557 679 533 5 771 545 675 520 867 570
924 413 751 399 1 839 404 751 386 926 423
547 353 371 335 1 458 342 369 321 547 364
733 363 589 350 2 665 355 594 342 735 368
546 306 409 296 2 477 301 409 286 545 317
739 330 593 317 2 664 321 593 310 735 333
556 287 409 273 2 486 278 412 262 560 294
684 178 551 161 2 615 168 550 153 680 183
649 140 525 127 2 590 132 525 120 654 144
776 153 676 140 2 729 147 679 137 779 157
779 137 676 120 2 727 129 671 116 783 143
726 27 652 16 3 683 19 646 9 720 30
832 34 750 24 3 788 34 753 22 823 46
876 145 798 123 3 830 132 792 123 867 142
