452 601 261 582 1 357 592 259 569 455 615
756 651 620 640 2 690 646 620 632 759 660
376 553 234 537 2 304 543 231 529 377 557
377 531 236 516 2 308 522 235 508 381 537
563 569 425 558 2 496 565 425 552 566 578
556 551 431 540 2 494 541 428 530 559 553
510 416 387 406 2 446 411 381 399 511 423
484 380 362 366 2 424 375 361 363 486 388
608 393 511 380 2 564 389 514 382 613 397
609 377 505 367 2 557 369 505 357 609 381
603 360 504 349 2 554 352 501 339 606 366
465 223 593 237 2 528 230 465 218 591 243
759 121 655 110 2 705 118 651 109 759 127
756 107 656 99 2 711 101 656 93 766 110
681 252 619 238 3 645 243 609 231 681 255
789 259 723 249 3 757 255 724 246 790 265
