182 79 182 188 2 181 133 172 77 189 190
195 80 197 183 2 197 132 189 76 205 188
322 364 324 237 2 322 298 312 233 332 363
451 212 446 313 2 447 260 439 207 455 313
466 203 461 304 2 461 255 452 206 470 304
480 203 478 298 2 481 255 474 207 488 303
480 330 479 461 2 478 392 472 327 484 457
516 297 513 425 2 513 361 502 296 524 427
640 420 639 565 2 641 493 633 419 649 567
660 422 658 567 2 657 495 648 423 666 567
646 240 641 368 2 642 305 635 243 649 368
660 232 664 368 2 662 299 653 228 670 371
701 341 701 530 1 705 432 687 334 723 530
726 30 727 171 2 725 100 715 30 734 171
874 80 870 263 5 872 170 855 73 889 267
362 121 358 55 3 362 91 353 49 370 133
