175 461 55 438 2 118 450 56 435 180 466
179 446 58 426 2 119 437 58 426 179 449
172 430 78 412 2 124 419 75 405 172 433
549 523 452 505 2 501 510 452 495 549 526
218 401 69 373 2 141 387 61 366 220 409
382 436 256 412 2 322 422 259 407 384 437
404 419 265 398 2 335 406 262 386 407 427
326 84 448 102 2 384 92 319 73 449 112
323 638 514 670 5 418 654 322 625 514 684
404 132 328 114 3 366 123 328 111 404 135
436 130 508 144 3 468 137 434 127 502 148
544 120 464 103 3 504 113 467 103 541 124
