224 582 228 429 2 226 504 213 427 238 582
244 562 250 429 2 247 496 236 429 257 563
286 401 284 552 2 285 474 274 397 295 552
305 400 308 555 2 306 474 295 396 317 553
429 526 423 663 2 421 595 410 525 432 666
443 537 435 690 2 440 612 429 534 450 690
413 328 407 468 2 410 398 400 328 420 469
429 338 423 470 2 427 406 417 338 436 474
446 343 446 481 2 446 412 432 344 460 480
476 697 480 532 2 480 617 464 533 495 702
496 647 503 543 2 502 594 490 540 513 649
487 324 482 467 2 483 399 473 330 492 468
502 330 495 464 2 499 396 490 328 507 465
529 118 522 311 1 527 215 508 117 545 313
