558 452 476 609 2 515 537 470 456 560 618
665 237 583 396 2 621 316 573 235 668 397
630 109 604 179 0 617 145 599 104 636 185
648 115 623 184 0 635 151 615 112 654 189
601 25 625 93 0 614 62 590 22 638 102
32 737 61 804 0 50 769 30 730 71 808
50 729 79 797 0 65 765 42 728 88 802
164 801 157 753 0 -85 -63 -85 -63 -85 -63
156 696 151 647 0 -85 -63 -85 -63 -85 -63
146 695 143 646 0 -85 -63 -85 -63 -85 -63
150 601 150 631 0 -85 -63 -85 -63 -85 -63
144 601 142 631 0 -85 -63 -85 -63 -85 -63
