76 251 -18 44 2 24 144 -37 35 85 254
199 567 264 735 2 231 652 194 562 269 742
266 561 329 723 2 299 645 262 561 336 729
249 578 309 728 2 280 656 247 580 314 733
401 553 487 775 2 448 669 399 554 498 785
474 547 536 708 2 509 632 471 547 548 717
456 559 513 711 2 483 636 450 558 517 714
124 328 91 262 0 -94 -70 -94 -70 -94 -70
133 347 64 375 0 -94 -70 -94 -70 -94 -70
-13 414 52 383 0 -94 -70 -94 -70 -94 -70
45 526 14 458 0 -94 -70 -94 -70 -94 -70
380 204 305 18 2 339 113 292 15 386 211
498 495 396 238 1 450 368 381 232 519 504
