402 222 184 235 2 296 229 184 211 408 247
810 227 1010 222 2 908 221 807 203 1010 239
843 245 989 239 2 916 239 839 231 993 248
829 263 991 256 2 915 260 829 252 1001 268
783 312 1046 313 2 916 312 786 295 1047 329
750 448 949 432 2 853 435 760 424 946 446
769 468 941 455 2 853 462 761 445 944 479
745 491 937 478 2 844 480 750 465 939 495
759 531 929 530 2 841 529 752 519 929 538
737 557 933 552 2 830 555 727 540 933 570
750 584 929 580 2 853 585 757 572 949 597
113 583 411 552 1 264 567 110 530 417 604
757 203 457 218 1 607 207 456 178 758 235
