1061 385 912 351 2 983 364 905 336 1060 391
704 343 827 372 2 763 358 699 340 828 376
631 444 590 612 2 609 531 578 446 640 616
505 587 551 420 2 530 504 500 415 560 593
434 571 470 439 2 451 506 431 438 471 575
522 282 473 418 2 493 353 465 281 521 426
306 201 241 335 2 273 270 236 196 310 344
175 480 220 377 2 201 431 168 375 234 487
203 251 121 422 2 161 338 109 252 214 424
-1 119 117 142 2 60 133 -1 115 120 151
11 59 126 83 2 69 73 11 56 127 90
13 25 138 45 2 75 37 8 18 141 55
106 268 80 325 3 93 291 76 263 110 319
