46 134 8 331 2 24 235 -7 131 54 339
128 153 105 298 2 114 229 92 150 136 308
57 496 97 329 2 78 412 50 328 106 497
441 224 400 351 2 419 287 392 220 447 354
321 568 377 405 2 352 483 312 397 392 569
437 496 510 302 2 473 396 420 289 526 503
601 364 637 298 2 619 333 598 292 641 374
685 629 550 618 2 616 622 549 605 684 640
679 701 550 688 2 612 693 545 677 679 710
680 743 529 733 2 605 737 529 723 681 751
549 507 517 575 3 528 541 510 509 546 573
582 400 549 469 3 563 435 543 400 583 469
592 401 565 473 3 575 429 558 394 592 464
