195 779 305 757 2 248 766 185 751 312 782
611 586 654 686 2 636 636 608 582 663 690
647 610 675 680 0 -32 -24 -32 -24 -32 -24
692 605 707 672 0 -32 -24 -32 -24 -32 -24
679 623 696 677 0 -32 -24 -32 -24 -32 -24
893 518 921 595 0 908 557 888 516 928 598
996 497 1014 596 2 1007 547 990 495 1023 599
27 316 33 171 2 35 245 17 168 52 323
118 258 122 181 0 119 220 110 178 128 261
139 262 139 185 0 140 222 131 183 149 262
261 267 270 158 2 266 216 252 158 280 273
384 292 351 142 2 366 218 340 141 392 294
459 290 423 125 2 442 208 414 125 471 291
542 326 515 128 2 528 228 501 126 555 329
572 231 561 120 2 570 176 557 120 584 231
666 246 663 125 2 668 193 654 133 682 254
699 186 693 121 0 665 186 653 123 677 248
