257 77 362 72 2 311 72 258 64 364 80
265 97 353 100 2 310 100 260 91 361 108
270 122 363 122 2 313 120 265 111 361 129
394 545 299 562 2 347 552 296 543 399 562
421 562 301 577 2 356 569 290 555 421 584
737 498 898 487 2 813 488 726 473 901 503
836 646 926 641 2 883 642 835 633 931 651
836 663 933 659 2 882 661 833 652 931 671
765 335 877 329 2 818 333 760 320 876 346
795 258 885 271 2 840 268 790 253 891 283
768 226 884 234 2 830 231 767 217 893 244
754 215 893 203 2 822 209 751 198 893 220
