297 113 239 159 0 -40 -30 -40 -30 -40 -30
325 125 228 223 2 274 174 220 121 328 226
383 176 476 273 2 431 225 383 173 478 277
474 290 376 389 2 427 341 377 287 478 394
643 453 522 512 2 579 485 517 451 642 519
696 561 575 619 2 636 591 575 559 697 623
811 615 650 685 2 732 650 646 610 818 691
572 733 626 708 0 -40 -30 -40 -30 -40 -30
641 745 593 767 0 -40 -30 -40 -30 -40 -30
683 732 807 677 2 747 699 681 665 813 733
578 181 613 226 8 612 219 574 183 649 255
732 338 795 406 8 781 382 732 335 829 429
