94 308 117 387 2 105 347 87 308 123 387
121 309 137 364 0 130 337 118 307 142 367
153 292 197 385 2 176 340 150 288 202 391
165 287 208 379 2 188 335 161 286 214 384
266 467 417 423 2 344 441 265 411 423 471
271 490 422 446 2 348 466 269 439 428 493
313 490 361 475 0 348 466 269 439 428 493
531 282 440 397 2 484 341 436 282 532 400
543 293 454 408 2 498 350 450 290 545 410
556 302 463 420 2 508 362 458 299 557 424
569 312 474 430 2 521 372 472 310 570 433
785 569 745 685 2 762 629 735 569 789 689
