159 107 1 162 2 80 136 1 106 159 166
167 119 20 178 2 95 148 17 118 173 178
175 136 25 194 2 97 167 23 139 171 195
225 280 55 345 2 136 314 48 275 224 352
196 317 58 364 2 127 342 58 312 197 371
212 330 64 383 2 138 358 58 327 217 388
250 359 81 425 2 168 394 87 361 250 427
242 387 89 446 2 169 416 87 387 251 446
251 407 97 472 2 174 442 95 410 254 474
695 343 626 492 2 662 416 621 340 703 491
752 363 679 512 2 709 440 670 359 748 520
909 612 973 457 2 941 534 906 453 976 615
1074 814 1059 642 2 1061 724 1046 638 1076 811
84 816 39 544 1 60 681 18 545 102 816
528 615 527 696 3 525 661 516 622 534 700
539 622 541 706 3 541 661 534 622 548 700
553 618 555 699 3 555 659 548 621 563 697
