602 62 526 50 0 564 56 0 0 0 0
687 82 772 95 0 731 91 684 76 777 105
536 82 611 96 0 574 89 0 0 0 0
624 98 778 130 2 704 114 625 88 783 139
795 135 805 253 2 801 192 789 129 813 255
814 301 825 401 2 823 349 810 298 835 399
859 336 837 167 2 846 253 823 163 868 342
663 287 685 330 0 674 309 0 0 0 0
558 149 562 196 0 560 173 0 0 0 0
547 220 540 178 0 544 199 0 0 0 0
415 160 438 140 0 427 150 0 0 0 0
579 297 592 411 2 590 352 573 291 607 412
382 412 498 402 2 440 406 381 393 498 418
522 395 527 437 0 525 416 0 0 0 0
95 479 237 460 0 165 472 94 454 236 489
298 224 377 222 0 338 223 0 0 0 0
18 488 82 479 0 50 484 0 0 0 0
194 546 249 541 0 222 544 0 0 0 0
200 553 247 552 0 224 553 0 0 0 0
210 597 258 592 0 234 595 0 0 0 0
215 620 260 616 0 238 618 0 0 0 0
409 739 294 709 2 350 720 291 699 408 741
482 741 540 690 0 513 714 477 682 549 745
555 677 554 634 0 555 656 0 0 0 0
537 576 540 618 0 539 597 0 0 0 0
547 570 550 620 0 549 595 0 0 0 0
