618 2 528 -12 0 -94 -71 -94 -71 -94 -71
719 26 819 41 0 770 36 715 18 825 53
540 26 629 42 0 -94 -71 -94 -71 -94 -71
644 45 826 82 2 739 63 645 33 832 93
847 88 858 228 2 854 156 839 81 868 230
869 285 882 403 2 879 341 864 281 894 401
922 326 896 126 2 906 227 880 121 933 333
690 268 716 319 0 -94 -71 -94 -71 -94 -71
566 105 571 161 0 -94 -71 -94 -71 -94 -71
553 189 545 139 0 -94 -71 -94 -71 -94 -71
397 118 424 94 0 -94 -71 -94 -71 -94 -71
591 280 606 415 2 604 345 584 273 624 416
358 416 495 404 2 426 408 356 394 495 423
523 396 529 446 0 -94 -71 -94 -71 -94 -71
18 496 186 473 0 101 487 17 466 185 507
258 194 352 191 0 -94 -71 -94 -71 -94 -71
-73 506 3 496 0 -94 -71 -94 -71 -94 -71
135 575 200 569 0 -94 -71 -94 -71 -94 -71
142 583 198 582 0 -94 -71 -94 -71 -94 -71
154 635 211 629 0 -94 -71 -94 -71 -94 -71
160 662 213 658 0 -94 -71 -94 -71 -94 -71
390 803 254 768 2 319 781 250 756 388 806
476 806 545 745 0 513 773 470 736 555 810
562 730 561 679 0 -94 -71 -94 -71 -94 -71
541 610 545 660 0 -94 -71 -94 -71 -94 -71
553 603 557 662 0 -94 -71 -94 -71 -94 -71
