171 695 85 764 2 126 733 79 697 172 768
415 542 310 635 2 359 590 305 537 412 643
501 444 417 512 2 457 478 415 444 498 512
683 404 574 427 2 627 417 571 399 683 435
730 501 605 565 2 666 538 599 499 733 576
679 389 572 415 2 627 404 570 386 683 421
517 412 408 501 2 462 462 406 414 518 509
396 530 290 624 2 341 582 288 531 395 633
163 685 77 753 2 120 718 73 680 167 756
154 674 69 745 2 112 711 67 673 158 749
381 512 275 607 2 326 561 270 509 382 612
367 496 260 590 2 311 545 254 496 367 595
506 399 399 490 2 452 445 395 397 509 493
497 386 390 478 2 441 436 384 386 498 485
677 376 568 402 2 623 391 565 374 681 408
673 364 564 388 2 619 378 564 360 674 396
670 351 562 376 2 618 364 562 347 675 380
