166 255 -32 269 2 70 263 -32 243 172 283
170 287 -26 305 2 70 296 -32 279 172 312
173 315 -25 333 2 72 327 -29 312 173 342
183 349 -10 363 2 89 356 -14 338 191 373
407 251 213 258 2 313 254 213 245 413 263
409 273 216 281 2 309 276 209 266 409 287
407 295 215 301 2 311 299 211 290 410 308
364 319 216 320 2 284 318 211 309 357 327
564 578 373 543 2 467 555 367 525 567 585
632 362 492 295 2 558 326 485 290 631 362
624 377 481 309 2 548 342 475 306 621 378
611 392 474 327 2 540 360 468 326 613 394
607 412 468 344 2 530 376 461 338 600 414
