612 184 475 193 2 543 188 475 174 610 202
456 305 559 305 2 510 304 456 299 564 310
575 286 695 289 2 632 289 574 282 690 296
575 304 684 301 2 631 303 574 296 687 309
732 424 722 536 2 727 481 717 426 737 536
745 426 734 534 2 740 481 731 427 749 534
759 427 749 536 2 752 483 744 429 760 538
806 434 795 542 2 798 488 790 434 807 542
821 437 806 547 2 812 490 802 434 821 546
832 439 820 546 2 825 493 814 437 836 549
844 439 834 546 2 839 493 829 439 849 546
859 442 844 546 2 850 495 839 439 861 551
