330 96 473 94 2 404 94 329 83 479 106
517 51 678 47 2 598 48 517 39 680 56
516 67 675 65 2 595 68 511 61 680 74
484 89 683 83 2 581 90 480 79 683 100
721 234 698 360 2 710 299 694 234 725 363
734 237 716 361 2 721 302 710 237 733 367
744 240 731 363 2 735 299 724 235 745 363
827 226 821 379 2 821 305 812 228 829 381
838 234 836 381 2 836 307 829 231 842 384
854 238 853 379 2 853 309 844 235 862 384
930 262 904 387 2 915 324 897 262 933 387
941 264 915 390 2 928 326 909 264 947 388
955 266 932 391 2 941 329 926 264 956 393
