459 201 334 202 2 395 201 332 192 458 209
445 214 338 215 2 390 214 335 209 445 220
443 229 337 227 2 389 226 334 220 444 232
454 240 319 244 2 386 243 316 236 455 250
454 255 320 259 2 386 257 317 249 454 264
627 204 471 204 2 554 204 471 194 637 215
611 224 471 230 2 540 228 464 217 616 239
609 247 471 255 2 541 251 468 239 614 263
464 273 606 263 2 536 267 466 259 605 274
466 287 602 277 2 537 281 466 272 607 290
782 295 655 242 2 717 267 650 237 784 297
792 277 664 222 2 728 247 657 215 798 279
725 409 601 375 2 661 389 596 369 726 409
741 427 601 402 2 672 413 596 393 748 434
122 459 110 570 2 116 517 107 461 125 574
132 467 127 571 2 128 515 118 461 138 568
209 456 198 578 2 200 518 190 454 210 583
216 459 213 581 2 212 521 204 459 220 583
229 459 225 580 2 228 521 220 459 236 584
300 485 282 586 2 291 536 279 483 304 590
312 485 295 590 2 303 539 292 487 315 591
