253 293 434 336 2 344 316 250 286 437 346
605 539 422 547 2 512 540 419 529 605 552
608 557 424 566 2 517 560 422 550 612 569
607 577 420 586 2 516 583 420 574 612 593
607 594 422 604 2 517 601 422 591 611 611
619 543 801 532 2 712 536 617 520 807 552
619 574 807 564 2 714 565 617 549 811 580
622 603 811 593 2 714 597 621 583 808 611
838 593 1011 594 2 922 593 835 577 1010 610
816 225 828 82 2 822 154 810 82 834 225
829 221 847 83 2 839 152 826 83 852 220
843 221 866 87 2 856 154 841 87 871 222
