223 555 206 669 2 210 611 195 552 224 670
233 557 219 671 2 225 615 209 557 240 674
249 391 230 534 2 240 467 225 394 255 541
271 396 255 537 2 261 466 246 394 276 539
293 396 278 537 2 285 467 266 395 303 539
274 246 259 376 2 267 313 250 244 284 381
298 207 375 99 2 338 152 296 97 380 207
308 214 386 106 2 352 159 310 106 393 212
388 127 316 234 2 348 179 308 124 389 234
513 164 466 284 2 484 223 453 162 516 284
504 579 611 604 2 558 593 503 576 613 610
506 589 607 619 2 561 606 511 589 611 624
503 597 603 636 2 554 619 504 597 605 641
