217 352 197 511 2 209 434 188 352 230 517
325 559 342 439 2 339 495 324 436 354 554
331 419 351 291 2 342 349 327 285 356 413
345 415 364 297 2 356 354 342 294 370 415
513 260 635 294 2 573 278 511 259 635 297
516 248 637 280 2 577 265 513 245 641 285
520 234 641 263 2 583 251 523 233 643 269
536 184 654 214 2 594 200 533 182 655 217
539 170 655 200 2 598 187 539 168 658 206
542 154 660 187 2 603 173 543 154 664 193
547 141 666 174 2 606 159 546 141 666 177
550 125 667 162 2 611 146 551 125 671 167
