218 485 199 644 2 206 568 189 487 224 650
240 489 223 645 2 230 567 216 488 245 647
267 492 248 648 2 257 574 242 490 272 658
289 488 274 637 2 280 568 266 496 294 641
247 309 226 454 2 236 382 218 308 253 457
265 308 242 455 2 249 383 234 309 265 458
281 311 258 457 2 268 386 251 313 285 460
291 348 273 462 2 280 403 266 348 293 458
357 159 289 254 2 320 210 284 162 357 257
365 173 303 262 2 331 217 296 169 367 264
378 180 313 272 2 345 225 308 180 381 270
389 188 324 276 2 356 234 321 188 392 279
506 233 459 370 2 478 303 445 230 510 375
