480 275 276 297 2 382 287 280 269 484 304
479 301 283 315 2 380 310 280 296 480 324
484 325 280 338 2 380 330 280 321 480 339
687 294 484 300 2 589 295 487 282 691 308
691 315 486 324 2 591 318 486 304 696 331
301 419 673 394 1 488 414 297 366 678 462
290 566 448 559 2 369 561 287 549 451 572
294 584 445 577 2 371 578 294 565 449 591
343 663 587 650 2 469 655 343 636 594 675
386 685 591 678 2 490 678 389 666 591 689
389 708 587 701 2 491 701 388 687 593 715
335 96 613 77 5 473 84 335 58 611 111
