803 579 769 697 2 784 635 760 574 807 696
368 678 445 614 2 404 646 365 612 444 679
538 547 460 606 2 500 578 457 543 542 613
634 464 553 531 2 592 498 551 460 634 535
738 381 656 449 2 695 418 652 380 738 456
441 542 311 646 1 376 595 305 535 447 655
558 456 475 524 2 517 493 471 452 563 534
599 427 631 401 0 65 49 65 49 65 49
689 352 639 393 0 664 372 636 350 691 393
346 482 263 597 2 302 542 254 483 351 602
300 454 217 568 2 257 513 209 452 305 575
278 454 209 544 2 242 498 203 451 281 545
184 531 113 474 0 65 49 65 49 65 49
375 295 285 225 2 329 260 281 219 376 301
337 206 373 156 0 65 49 65 49 65 49
515 181 551 132 0 532 153 510 124 554 182
