296 424 164 447 2 232 438 162 420 302 456
165 496 297 479 2 234 486 168 467 301 505
343 591 171 575 1 257 582 168 557 346 608
301 648 188 633 2 245 639 184 625 306 653
325 650 429 659 2 375 654 324 641 426 667
546 676 439 663 2 491 668 438 658 545 679
669 690 560 676 2 614 681 555 667 672 695
749 602 805 518 2 775 561 745 515 805 607
645 385 760 368 2 702 376 643 360 760 391
737 356 669 364 0 702 376 643 360 760 391
950 320 842 333 2 893 328 835 316 951 340
775 279 830 316 0 802 297 770 274 834 320
841 203 845 248 0 48 36 48 36 48 36
833 147 839 192 0 48 36 48 36 48 36
765 67 806 62 0 48 36 48 36 48 36
738 78 745 127 0 48 36 48 36 48 36
383 112 396 223 2 391 169 378 112 404 226
