308 88 465 39 2 386 61 303 28 469 93
184 251 66 332 2 127 291 65 248 188 335
356 247 487 241 2 418 243 350 236 487 251
514 238 641 230 2 578 235 510 227 646 244
685 230 819 225 2 752 227 681 220 823 234
838 223 966 219 2 903 221 837 213 969 229
883 473 763 567 2 821 522 753 473 890 572
187 252 72 329 2 128 292 66 247 189 337
71 492 51 356 2 61 425 40 356 82 494
540 152 320 168 1 431 159 320 133 542 184
509 647 477 734 6 489 687 452 646 527 729
855 528 861 573 6 852 556 832 527 872 585
