414 629 337 507 2 375 569 331 503 419 635
298 447 231 335 2 264 391 224 334 304 448
590 544 514 417 2 550 480 506 417 595 543
498 402 384 222 1 438 310 373 212 503 408
622 518 547 393 2 588 455 545 391 630 519
604 447 564 391 0 581 417 560 389 602 446
697 476 645 508 0 87 65 87 65 87 65
669 298 753 435 2 718 370 672 299 764 441
799 412 703 255 2 747 334 689 252 805 417
779 88 840 185 2 816 133 780 82 852 185
848 213 907 305 4 881 260 845 209 917 312
366 467 252 280 1 310 380 235 280 385 481
