108 339 89 456 2 96 397 78 335 113 460
151 416 191 120 2 173 269 134 117 212 421
291 507 204 495 2 248 500 201 486 294 515
194 508 147 500 0 53 40 53 40 53 40
401 338 429 126 2 421 232 391 121 450 343
385 389 374 473 2 378 431 362 384 395 478
406 527 522 543 2 464 533 402 516 526 550
587 367 563 521 2 573 444 552 365 593 524
594 314 614 160 2 602 233 583 152 621 314
638 319 660 162 2 650 240 634 160 666 320
633 368 611 524 2 620 447 602 367 638 526
791 549 811 374 2 803 462 782 373 825 550
820 309 842 155 2 831 227 813 148 849 307
922 134 880 414 5 901 276 870 131 931 421
