186 100 132 222 2 160 165 123 102 197 227
104 291 49 430 2 77 364 44 292 111 436
203 459 256 333 2 228 400 197 334 259 466
274 285 326 158 2 301 224 273 160 330 288
242 475 291 343 2 268 412 238 347 299 477
308 306 364 167 2 336 236 301 163 371 309
490 204 395 164 2 442 187 395 163 489 211
442 512 482 416 2 465 467 437 420 492 514
522 221 477 333 2 499 279 473 224 524 334
681 349 586 587 2 628 476 569 352 688 599
838 521 897 372 2 871 447 835 369 908 524
821 556 763 700 2 790 632 754 556 826 709
879 546 809 718 2 844 636 804 547 884 724
686 457 662 509 0 628 476 569 352 688 599
659 521 641 576 0 628 476 569 352 688 599
690 443 717 390 0 703 422 687 393 719 451
