172 219 270 150 2 226 186 170 150 281 222
307 182 204 256 2 252 223 195 182 310 264
435 89 341 157 2 389 127 337 91 441 163
420 259 531 185 2 476 226 417 184 535 267
548 216 450 281 2 497 255 447 219 547 291
629 328 548 388 2 590 361 545 328 634 395
492 426 410 484 2 450 457 403 424 497 489
547 431 432 511 2 485 475 423 432 547 519
649 350 568 413 2 610 384 568 352 652 416
729 452 679 382 2 702 419 674 381 731 457
604 559 523 615 2 563 594 519 561 607 626
631 578 550 635 2 590 613 545 581 634 645
