58 548 13 304 2 36 422 3 300 70 543
116 493 77 295 2 91 393 66 295 116 491
146 714 122 558 2 132 634 115 555 150 714
331 678 192 705 2 263 695 192 677 334 714
323 412 291 254 2 307 335 285 253 328 417
416 659 384 502 2 399 579 380 497 419 661
546 177 591 356 2 569 268 541 175 598 360
594 406 640 606 2 618 508 592 405 645 610
594 158 644 366 2 621 259 592 155 651 363
641 398 682 603 2 664 499 638 396 691 603
788 81 832 286 2 818 182 792 80 845 285
926 374 866 78 1 894 227 845 74 944 380
