132 231 285 168 2 213 196 130 158 295 233
452 150 594 98 2 524 119 451 84 598 153
325 208 150 278 2 236 247 147 207 324 287
195 445 147 325 2 169 384 140 323 197 445
384 404 204 475 2 294 442 202 401 387 484
225 528 401 454 2 316 491 224 451 408 531
651 351 475 424 2 564 391 474 350 654 431
395 394 651 285 1 522 338 387 268 656 408
481 642 298 715 2 386 683 297 642 475 725
504 694 322 768 2 410 739 321 694 499 784
701 545 530 620 2 617 588 530 544 704 632
540 680 731 604 2 638 634 537 590 738 678
