354 584 274 459 2 312 520 270 455 354 585
505 518 586 643 2 547 580 503 515 590 645
480 482 406 355 2 440 417 397 349 482 484
431 319 520 458 2 477 389 429 318 525 461
620 620 547 508 2 581 561 542 504 620 619
456 290 550 233 2 506 261 455 229 557 293
645 171 735 118 2 691 143 640 111 742 174
616 198 685 306 2 651 251 613 195 689 307
582 218 651 327 2 619 276 580 217 657 335
672 369 760 508 2 719 440 669 367 769 514
728 381 803 493 2 768 440 729 384 806 496
777 111 851 221 2 815 170 778 114 852 226
880 275 946 379 2 912 328 874 269 950 386
972 330 841 126 1 906 230 825 118 986 342
