157 63 87 214 2 120 142 84 67 157 217
70 242 6 387 4 29 313 -11 236 70 390
84 378 214 59 2 156 215 76 53 236 378
87 465 217 519 2 152 495 86 462 218 528
319 378 263 505 2 290 445 256 380 324 510
324 342 416 116 2 376 222 319 104 433 339
386 362 485 133 2 442 245 384 123 499 366
462 625 331 571 2 396 598 331 567 462 628
512 628 584 443 2 552 538 512 441 591 634
609 392 676 225 2 649 306 609 222 690 390
657 408 725 236 2 700 324 658 236 742 412
862 458 932 285 2 903 366 862 281 944 450
926 482 1001 310 2 970 393 929 307 1011 480
835 515 764 688 2 797 603 756 515 838 691
