210 340 66 368 2 136 357 67 340 206 374
209 354 71 391 2 142 374 72 353 211 395
51 416 191 377 2 122 397 46 373 197 422
354 335 216 368 2 284 351 214 328 353 374
362 321 417 307 0 -15 -12 -15 -12 -15 -12
426 318 370 329 0 -15 -12 -15 -12 -15 -12
454 301 624 250 2 541 274 454 239 627 309
668 271 771 414 2 724 342 664 264 783 421
1035 386 953 341 0 -15 -12 -15 -12 -15 -12
956 314 899 241 0 927 275 897 238 956 313
781 694 888 670 2 836 679 780 662 893 696
831 752 933 722 2 882 736 829 720 934 752
