19 669 8 547 2 13 610 1 548 26 673
32 669 21 544 2 28 611 16 547 40 675
148 337 162 479 2 156 408 138 335 174 481
307 495 291 374 2 299 436 287 374 311 498
323 498 311 383 2 317 441 303 381 331 501
344 499 329 389 2 337 443 324 386 350 499
328 357 314 214 2 321 286 308 214 334 358
372 386 352 243 2 361 315 344 240 379 391
524 441 510 300 2 517 368 504 296 531 440
545 444 526 290 2 537 367 521 288 552 446
502 236 486 71 2 492 153 475 69 510 236
523 231 503 72 2 513 151 494 68 531 233
574 318 561 106 1 569 212 540 102 598 322
637 665 623 510 2 629 588 611 508 647 668
802 597 775 383 5 790 493 762 386 818 601
375 475 367 418 0 -47 -36 -47 -36 -47 -36
268 708 274 773 0 -47 -36 -47 -36 -47 -36
164 496 181 580 3 173 538 161 496 184 581
183 629 197 708 3 189 668 178 632 201 704
219 590 223 686 3 217 634 206 583 229 686
229 590 230 682 3 233 632 222 587 243 676
