219 298 232 438 2 227 370 210 301 244 440
587 420 570 255 2 578 337 562 256 595 418
601 388 585 253 2 595 321 581 251 609 391
578 211 557 40 2 567 124 549 37 586 212
612 162 602 51 2 621 100 606 31 637 170
629 170 614 37 2 621 100 606 31 637 170
645 166 629 33 2 637 99 621 27 654 170
635 398 629 342 0 -30 -23 -30 -23 -30 -23
625 313 620 244 0 -30 -23 -30 -23 -30 -23
645 398 638 342 0 -30 -23 -30 -23 -30 -23
638 306 630 253 0 -30 -23 -30 -23 -30 -23
656 395 648 336 0 -30 -23 -30 -23 -30 -23
647 302 645 251 0 -30 -23 -30 -23 -30 -23
684 578 675 472 2 679 526 666 472 692 580
693 730 689 670 0 -30 -23 -30 -23 -30 -23
785 410 797 531 2 795 470 784 413 805 527
852 552 829 341 5 842 444 813 336 872 553
982 522 941 153 5 956 336 908 152 1003 520
