594 310 423 307 1 509 306 423 290 595 321
110 305 214 307 2 164 307 113 301 215 313
63 324 221 330 2 141 325 60 313 221 337
404 323 281 320 2 346 320 283 313 409 327
409 334 284 333 2 344 336 280 330 409 343
215 364 73 361 2 145 362 73 355 217 370
219 381 90 380 2 156 379 90 371 221 386
389 371 269 369 2 328 367 265 358 391 376
394 389 271 382 2 333 385 271 378 394 393
406 403 272 401 2 337 402 272 396 402 408
332 496 193 488 2 259 491 187 479 332 504
329 514 188 508 2 260 509 188 499 332 520
174 543 300 544 2 240 539 178 529 303 550
157 561 303 564 2 230 563 158 552 303 574
473 697 408 696 3 441 696 406 687 476 705
563 667 482 667 3 530 667 485 657 574 676
512 569 450 572 3 479 570 443 561 515 578
512 585 441 588 3 477 584 438 576 515 593
500 596 447 596 3 472 595 438 587 506 603
391 549 326 546 3 357 545 323 538 390 552
