831 225 665 247 5 750 236 662 213 838 259
890 357 731 370 1 812 365 731 348 892 382
544 413 382 429 1 462 422 380 403 544 442
715 403 583 415 2 652 411 587 399 717 423
543 456 417 465 2 480 460 417 446 542 474
720 434 586 446 2 651 442 586 431 717 452
552 473 417 486 2 488 481 420 467 556 496
670 573 548 589 2 606 583 547 569 666 596
638 608 524 620 2 583 616 524 605 642 627
754 596 662 608 2 711 602 665 593 757 611
757 611 662 627 2 709 618 658 605 761 630
708 712 640 722 3 669 719 635 709 703 729
806 706 730 715 3 765 706 733 695 797 717
846 604 774 624 3 803 615 769 606 838 624
