446 146 236 167 1 341 156 234 131 449 181
779 91 630 103 2 706 97 630 81 783 112
362 199 206 216 2 283 210 203 194 363 225
363 223 209 239 2 288 232 208 216 368 248
568 181 416 193 2 493 185 416 171 571 200
560 201 423 213 2 491 211 419 199 563 224
509 349 374 360 2 439 355 368 341 511 368
481 389 347 404 2 414 394 346 380 483 407
617 374 511 389 2 568 378 514 370 622 386
618 392 504 403 2 561 401 504 387 618 414
612 411 503 423 2 557 419 500 404 615 434
460 561 601 546 2 529 553 460 539 598 566
783 673 669 685 2 724 676 664 666 783 686
779 688 670 697 2 730 694 670 685 790 704
697 529 629 544 3 658 539 618 526 697 552
816 521 743 532 3 781 525 744 515 817 536
