223 652 223 556 2 222 604 214 554 229 653
234 651 236 561 2 236 605 229 556 243 654
345 402 347 513 2 345 460 337 403 354 517
458 535 454 447 2 455 493 448 447 462 540
472 543 467 455 2 467 498 459 455 475 540
484 543 482 460 2 485 498 479 456 491 540
484 432 483 317 2 482 378 477 321 487 435
515 461 513 349 2 513 404 503 347 522 462
624 353 623 226 2 625 289 618 224 632 354
641 351 640 224 2 639 287 631 224 647 350
629 511 625 399 2 626 453 619 399 632 508
641 518 645 399 2 643 459 635 396 650 521
677 422 677 257 1 681 343 665 257 697 428
699 695 700 571 2 698 633 690 571 706 695
829 651 825 491 5 827 572 812 487 842 657
380 615 377 673 3 380 641 373 604 387 678
