150 302 21 326 2 88 313 22 296 155 329
154 318 24 339 2 89 327 24 314 154 339
146 335 45 354 2 94 347 42 332 146 362
552 235 447 254 2 499 248 447 232 552 265
196 366 36 396 2 112 381 27 357 198 404
372 328 237 354 2 307 343 240 327 374 360
396 347 246 369 2 321 360 243 338 399 382
312 707 443 687 2 374 698 304 677 444 718
309 111 514 77 5 411 94 308 62 514 125
396 655 314 674 3 355 665 314 652 396 678
430 657 507 642 3 464 649 428 638 501 660
546 668 460 686 3 503 675 463 664 543 686
