239 197 243 342 2 240 270 228 197 252 344
258 216 263 342 2 260 278 250 215 270 342
297 368 296 225 2 296 299 286 225 306 372
315 369 318 222 2 316 299 306 224 327 373
433 250 427 120 2 425 184 415 117 436 251
446 239 439 94 2 443 168 433 94 453 242
418 437 412 305 2 415 371 405 304 424 437
433 428 427 303 2 431 363 422 299 440 428
449 423 449 292 2 449 358 436 293 462 422
477 88 481 244 2 481 163 466 83 495 243
496 135 503 234 2 502 185 491 133 513 236
488 441 483 306 2 484 370 475 305 493 435
502 435 495 308 2 499 372 491 308 507 437
528 636 521 453 1 525 544 508 452 543 637
