472 442 543 579 2 509 517 470 446 548 587
379 256 449 394 2 417 324 375 254 459 395
409 144 431 205 0 420 175 404 140 436 210
394 150 415 209 0 405 181 388 147 422 214
434 71 413 130 0 423 103 402 68 443 138
929 691 903 748 0 913 718 895 684 931 752
913 683 888 742 0 900 715 880 682 921 747
814 746 820 705 0 1031 -5 1031 -5 1031 -5
821 655 825 613 0 1031 -5 1031 -5 1031 -5
829 654 832 611 0 1031 -5 1031 -5 1031 -5
826 572 826 598 0 1031 -5 1031 -5 1031 -5
831 572 833 598 0 1031 -5 1031 -5 1031 -5
