876 272 954 99 2 919 183 868 91 970 274
773 536 719 677 2 746 607 715 532 777 683
717 531 665 667 2 690 601 659 531 721 672
732 545 682 671 2 705 611 678 547 733 675
604 524 532 710 2 565 622 523 525 606 718
543 519 492 654 2 514 591 482 519 546 662
559 529 511 657 2 536 594 508 528 564 659
836 337 863 281 0 1019 4 1019 4 1019 4
829 352 886 376 0 1019 4 1019 4 1019 4
950 409 896 382 0 1019 4 1019 4 1019 4
902 502 928 445 0 1019 4 1019 4 1019 4
622 233 685 78 2 656 157 617 75 695 239
523 476 608 261 1 563 370 506 257 621 484
