802 99 763 228 2 778 165 756 97 800 234
766 90 728 221 2 746 155 722 88 769 222
747 91 713 208 2 730 151 712 93 748 209
654 106 617 252 2 630 182 606 112 655 252
632 119 603 244 2 613 184 593 124 632 244
617 113 585 235 2 601 175 583 112 619 239
590 85 554 226 2 568 153 545 82 592 225
566 94 534 225 2 549 161 528 91 570 231
546 91 516 229 2 528 155 508 88 548 222
309 421 265 328 2 285 376 264 330 305 421
196 487 165 373 2 180 429 162 372 199 487
334 688 311 594 2 321 645 308 596 335 693
