594 264 756 274 2 673 269 589 255 756 282
290 268 141 264 2 217 263 141 249 292 276
265 281 157 276 2 211 277 153 270 268 283
276 294 155 289 2 212 292 147 286 276 298
310 331 114 332 2 211 331 113 318 308 343
335 432 186 420 2 258 423 189 414 327 431
320 447 192 437 2 258 443 190 430 326 455
338 464 195 454 2 264 456 194 445 335 467
328 494 201 493 2 267 492 201 485 333 499
344 513 198 510 2 275 512 198 500 351 523
335 533 201 531 2 258 534 186 525 330 543
809 532 587 510 1 696 521 582 493 811 548
330 249 553 261 1 441 252 329 231 554 274
