43 386 170 357 2 110 367 44 344 176 391
348 350 243 374 2 297 362 242 347 352 378
410 435 445 579 2 429 510 402 437 455 582
517 558 478 415 2 496 487 470 411 522 563
578 544 547 431 2 563 489 546 430 580 547
502 297 544 414 2 527 359 503 296 551 421
687 228 743 343 2 715 288 683 224 746 351
799 466 760 379 2 777 425 748 377 805 472
775 271 845 417 2 811 345 766 272 855 419
949 158 849 178 2 897 170 846 155 949 185
939 108 841 128 2 889 119 840 105 939 134
937 79 830 95 2 884 88 828 73 941 104
857 286 880 334 3 869 306 854 282 884 329
