927 161 961 336 2 947 251 920 159 973 343
853 178 874 307 2 866 246 847 175 886 316
917 483 882 334 2 898 408 873 333 923 484
575 241 611 354 2 595 297 571 238 619 357
682 547 632 402 2 655 471 619 395 691 548
579 483 514 310 2 547 394 500 299 594 489
433 366 401 307 2 417 338 398 301 436 374
359 601 479 591 2 420 595 360 580 480 610
364 665 479 653 2 423 658 364 644 483 673
363 702 497 693 2 430 697 362 685 497 710
480 492 508 553 3 498 523 482 494 514 551
451 398 480 459 3 467 428 450 398 485 459
441 399 465 462 3 456 423 441 392 471 454
