782 719 688 701 2 736 709 683 696 790 722
428 556 392 641 2 407 598 384 552 431 644
397 576 374 635 0 975 37 975 37 975 37
359 572 347 629 0 975 37 975 37 975 37
370 587 356 633 0 975 37 975 37 975 37
189 498 164 563 0 176 531 159 496 192 566
101 480 86 564 2 92 522 78 478 106 567
925 326 919 203 2 918 266 903 200 933 332
847 277 844 211 0 847 244 839 209 854 279
830 280 830 214 0 829 247 821 213 836 280
726 284 718 192 2 722 241 710 192 733 289
621 306 649 178 2 636 242 614 177 658 307
557 304 588 164 2 572 234 547 164 596 305
487 335 510 167 2 499 251 476 165 522 337
461 254 470 159 2 463 207 451 159 474 254
381 267 384 164 2 380 222 367 170 392 273
353 215 358 160 0 382 215 372 162 393 269
