696 153 745 192 0 983 31 983 31 983 31
672 163 754 246 2 715 205 669 160 761 249
622 207 543 290 2 582 248 541 204 622 292
545 303 629 388 2 584 347 541 302 628 392
401 443 504 493 2 455 470 402 441 508 499
356 535 459 584 2 407 560 355 533 459 587
257 581 394 640 2 325 611 252 576 398 645
461 681 415 660 0 983 31 983 31 983 31
403 691 443 710 0 983 31 983 31 983 31
367 680 261 633 2 312 652 256 623 369 681
456 211 426 249 8 427 243 395 212 459 274
324 345 271 403 8 283 382 242 342 324 422
