1057 286 1027 388 2 1042 337 1019 285 1065 388
1021 288 1001 359 0 1009 323 994 284 1025 362
980 265 923 386 2 949 327 916 260 983 394
964 258 908 378 2 934 321 900 257 969 385
833 493 636 436 2 731 459 627 420 834 499
825 522 629 465 2 725 491 622 456 829 527
771 522 708 503 0 725 491 622 456 829 527
488 252 606 401 2 549 329 486 252 611 406
472 266 587 416 2 531 341 469 263 593 419
454 278 575 431 2 518 356 453 275 582 437
438 291 561 445 2 501 369 437 289 565 449
157 625 209 777 2 187 704 151 625 222 782
