944 68 1015 140 2 983 105 944 68 1021 142
852 226 953 335 2 902 277 849 222 956 331
835 258 934 361 2 883 309 833 251 933 367
506 74 499 220 2 501 148 488 70 515 226
482 53 480 226 2 479 140 469 53 488 226
462 61 460 222 2 460 145 450 62 470 227
243 227 244 57 2 243 139 226 54 260 223
188 212 182 36 2 185 124 174 36 196 212
431 434 400 525 0 414 481 392 436 436 525
470 708 337 643 2 401 671 332 634 469 707
439 736 323 683 2 382 708 322 678 441 738
475 351 438 411 3 455 386 438 358 472 415
