832 133 974 183 2 903 160 832 132 974 187
824 144 957 198 2 889 170 819 143 960 198
817 159 953 212 2 888 187 821 162 955 213
772 290 926 349 2 853 320 773 285 932 355
798 323 923 366 2 860 346 797 319 923 372
783 335 917 383 2 851 360 779 333 923 387
749 362 902 421 2 823 393 749 363 897 423
757 386 895 440 2 823 413 748 386 897 440
748 404 887 463 2 818 437 746 408 889 466
346 347 408 482 2 376 412 339 344 414 481
295 365 361 500 2 333 434 298 362 369 507
152 590 94 449 2 124 520 92 446 155 593
3 773 17 618 2 15 692 1 613 29 770
899 775 940 529 1 921 653 883 530 959 775
497 593 498 666 3 500 635 492 599 508 670
488 599 485 676 3 485 635 479 599 492 670
475 595 473 669 3 473 633 466 598 479 667
