431 93 500 82 0 976 37 976 37 976 37
354 111 277 122 0 315 118 273 105 357 131
491 111 423 123 0 976 37 976 37 976 37
411 125 272 154 2 339 139 267 116 410 162
257 159 248 265 2 251 210 240 153 262 267
239 309 229 399 2 232 352 220 306 243 397
199 340 219 188 2 211 265 191 184 231 346
376 296 356 335 0 976 37 976 37 976 37
471 171 467 214 0 976 37 976 37 976 37
481 236 487 198 0 976 37 976 37 976 37
600 181 580 163 0 976 37 976 37 976 37
452 305 440 408 2 442 355 427 300 457 409
630 409 525 400 2 578 403 525 392 631 415
504 394 499 432 0 976 37 976 37 976 37
890 470 761 453 0 827 463 762 447 891 479
706 239 635 237 0 976 37 976 37 976 37
960 478 902 470 0 976 37 976 37 976 37
800 530 751 526 0 976 37 976 37 976 37
795 537 752 536 0 976 37 976 37 976 37
786 577 742 572 0 976 37 976 37 976 37
781 597 741 594 0 976 37 976 37 976 37
606 705 710 678 2 660 688 607 669 713 707
540 707 487 661 0 512 682 479 654 544 711
474 649 475 610 0 976 37 976 37 976 37
490 558 487 596 0 976 37 976 37 976 37
481 552 478 597 0 976 37 976 37 976 37
