839 682 921 748 2 882 718 838 684 927 752
605 535 705 624 2 659 581 608 530 710 632
522 441 603 507 2 565 474 525 441 605 507
348 403 452 425 2 402 415 348 398 455 433
303 496 423 557 2 365 531 301 494 429 568
352 389 454 413 2 402 403 348 386 456 419
507 410 612 496 2 560 458 506 412 614 504
624 523 725 614 2 676 573 625 524 727 622
846 672 929 737 2 888 704 842 667 933 740
855 661 937 729 2 895 697 851 660 939 733
637 507 739 597 2 690 553 636 504 744 602
651 491 754 581 2 705 538 651 491 759 585
517 398 621 485 2 570 442 515 396 625 488
526 386 629 474 2 580 433 525 386 634 480
354 376 458 401 2 406 390 350 374 461 406
358 365 462 388 2 409 378 357 361 462 395
361 352 464 376 2 410 364 356 348 464 380
