838 263 1024 275 2 928 270 832 251 1024 289
834 292 1019 309 2 928 300 832 285 1024 316
831 319 1017 336 2 926 330 831 316 1022 344
822 351 1004 364 2 911 357 814 341 1007 373
611 258 794 265 2 699 261 605 252 794 269
608 279 790 286 2 703 282 608 273 797 292
611 300 791 305 2 701 304 607 295 795 312
651 322 790 324 2 726 322 658 313 795 330
463 567 642 534 2 554 545 459 517 648 573
398 363 530 300 2 468 329 399 295 537 363
406 377 541 313 2 477 344 408 310 546 378
418 391 547 330 2 485 361 416 329 553 394
422 411 553 346 2 494 376 429 341 560 412
