411 184 548 192 2 480 188 413 174 548 202
567 304 464 304 2 513 304 459 299 567 309
448 286 328 289 2 391 289 333 282 449 296
448 304 339 301 2 392 302 335 296 449 309
290 424 300 536 2 295 481 285 426 305 536
278 426 289 534 2 282 481 274 427 291 534
264 427 274 536 2 271 484 263 429 279 539
216 434 228 542 2 224 488 215 434 233 542
201 437 216 547 2 211 490 201 434 220 546
190 439 203 546 2 197 493 186 437 209 549
178 439 189 546 2 183 493 173 439 194 546
163 442 178 546 2 172 495 161 439 183 551
