671 132 546 131 2 607 131 541 120 672 141
508 92 367 89 2 437 90 365 82 508 97
509 107 370 105 2 439 107 365 102 513 113
536 125 363 120 2 452 126 363 117 540 136
330 253 349 363 2 339 309 326 253 353 365
319 255 334 364 2 329 312 319 255 339 369
309 258 321 365 2 318 309 308 253 327 365
237 246 243 379 2 243 314 235 247 250 381
227 253 229 381 2 229 317 224 250 235 383
214 256 214 379 2 214 318 207 253 222 383
147 276 170 386 2 160 331 144 276 176 386
138 279 160 388 2 149 333 133 279 165 387
125 281 145 389 2 137 335 124 279 150 392
