567 196 696 196 2 633 195 568 186 698 204
581 209 692 209 2 638 209 581 203 695 215
584 224 693 223 2 639 221 583 215 696 228
572 236 712 240 2 642 239 571 232 714 246
572 251 711 256 2 643 253 572 245 713 261
393 198 555 199 2 469 199 384 189 555 209
410 219 555 225 2 483 223 405 212 562 235
413 242 554 251 2 482 247 407 235 558 259
562 269 415 259 2 488 263 417 256 559 271
560 284 419 274 2 487 278 414 269 559 288
234 293 365 237 2 301 264 232 233 370 295
224 274 355 217 2 290 243 217 209 363 276
293 410 420 376 2 359 389 292 369 426 410
276 429 420 402 2 347 415 269 394 426 435
915 462 927 576 2 921 522 912 464 931 580
905 469 910 577 2 909 519 898 464 919 574
825 459 837 584 2 834 523 824 456 845 589
818 462 821 588 2 822 525 813 462 831 589
805 462 808 587 2 805 526 798 462 813 590
732 489 750 593 2 740 542 727 486 753 597
719 489 737 597 2 728 544 716 490 739 598
