701 318 569 349 2 635 335 567 313 704 357
444 498 577 503 2 512 499 444 490 580 508
441 511 577 518 2 508 513 439 506 577 520
442 526 579 532 2 509 530 439 523 579 537
442 538 577 546 2 509 543 440 536 577 550
434 501 300 493 2 366 496 296 484 435 508
434 523 296 516 2 364 517 293 505 435 528
432 545 293 537 2 364 540 296 530 432 550
273 537 147 538 2 212 538 148 526 276 550
290 269 281 164 2 285 216 277 164 294 269
280 265 267 165 2 273 215 263 165 282 264
270 265 253 167 2 261 217 249 167 272 266
