862 591 882 729 2 878 659 861 588 895 730
850 594 867 732 2 860 665 841 594 879 735
830 393 853 566 2 841 485 822 396 859 575
803 399 822 570 2 815 484 797 396 833 572
777 399 795 570 2 787 484 765 397 809 572
800 217 818 375 2 808 298 788 215 828 381
771 169 677 38 2 722 103 671 36 773 169
759 177 664 47 2 706 111 656 47 756 175
662 72 749 202 2 710 135 661 69 759 202
510 118 568 263 2 545 189 507 115 583 262
521 620 392 650 2 455 637 389 617 522 658
518 632 396 669 2 452 653 392 632 513 675
522 642 401 690 2 460 669 399 642 521 696
