809 353 830 512 2 817 435 797 353 838 518
701 561 684 440 2 687 496 672 437 702 556
695 419 675 291 2 684 349 669 285 699 414
681 416 661 297 2 670 355 656 294 684 416
511 260 389 294 2 451 278 389 259 513 297
509 247 387 280 2 447 265 383 245 511 285
505 234 383 263 2 441 251 381 233 502 269
488 184 369 214 2 430 199 368 182 491 216
485 169 368 199 2 425 186 365 167 485 205
482 153 364 187 2 421 172 360 153 481 192
477 140 358 173 2 418 158 358 140 479 176
474 124 357 161 2 412 145 352 124 473 166
