858 503 879 690 2 871 601 851 505 892 697
832 508 852 691 2 843 599 826 506 860 693
800 511 822 694 2 812 607 794 509 829 706
774 506 791 681 2 784 601 768 515 801 686
823 295 849 466 2 837 382 817 294 857 470
803 294 829 468 2 821 383 803 295 839 471
784 299 810 470 2 799 387 778 301 819 473
772 342 793 476 2 785 406 769 342 801 471
694 120 774 232 2 737 179 694 123 780 235
685 136 758 241 2 724 188 683 132 766 243
670 144 745 253 2 709 197 666 144 752 250
656 154 733 257 2 695 207 653 154 737 260
519 206 574 368 2 552 288 514 203 590 374
