539 293 709 311 2 621 302 536 288 706 317
540 314 703 326 2 622 322 539 310 706 333
536 334 706 345 2 622 338 539 330 706 346
366 308 536 313 2 448 309 363 298 533 320
363 326 534 333 2 446 328 359 317 534 339
689 412 377 392 1 532 408 373 368 691 448
697 536 566 530 2 632 531 563 521 700 541
694 550 568 544 2 630 545 565 535 694 556
654 616 449 606 2 548 610 443 594 654 626
618 635 446 629 2 530 629 446 619 615 638
615 654 449 649 2 530 649 444 637 616 660
660 143 428 127 5 545 133 430 111 660 155
