243 564 274 673 2 261 615 239 559 282 672
644 655 573 596 2 611 625 574 594 648 656
487 534 560 589 2 523 563 484 531 562 595
398 457 473 519 2 438 489 399 454 476 523
302 381 378 444 2 342 415 302 380 382 450
577 530 697 626 1 637 579 572 523 703 634
469 450 546 513 2 507 484 465 446 549 522
431 423 402 399 0 925 74 925 74 925 74
348 354 394 392 0 371 372 346 352 397 392
664 474 741 581 2 705 530 660 475 750 585
707 448 784 553 2 747 503 703 446 791 560
727 448 791 531 2 761 489 725 445 797 532
814 519 880 467 0 925 74 925 74 925 74
638 302 721 236 2 681 269 637 231 725 306
673 219 639 173 0 925 74 925 74 925 74
509 196 475 151 0 493 170 473 144 513 197
