797 438 970 467 2 881 456 789 433 974 479
969 532 795 510 2 877 520 790 495 965 545
735 657 962 637 1 848 646 730 613 965 680
790 732 939 713 2 863 721 783 703 944 740
759 736 621 748 2 692 741 625 724 760 757
466 769 608 753 2 539 760 469 746 610 774
305 788 448 769 2 377 776 300 757 454 794
199 673 125 562 2 165 618 125 557 205 679
336 386 185 364 2 262 374 185 353 339 395
216 348 305 359 0 262 374 185 353 339 395
-66 300 77 318 2 9 311 -67 296 86 327
165 247 93 296 0 129 270 87 239 171 300
78 146 72 206 0 1124 -74 1124 -74 1124 -74
89 72 81 132 0 1124 -74 1124 -74 1124 -74
179 -33 124 -40 0 1124 -74 1124 -74 1124 -74
213 -18 205 46 0 1124 -74 1124 -74 1124 -74
681 26 664 173 2 671 101 654 26 688 176
