691 126 554 83 2 623 102 550 73 695 130
799 268 902 339 2 849 303 795 266 903 341
649 265 535 259 2 594 261 535 255 654 268
511 257 400 250 2 455 254 396 247 514 262
362 250 244 245 2 303 247 241 241 365 253
228 243 116 240 2 171 242 114 235 229 249
188 462 293 544 2 243 505 183 462 303 548
797 269 897 336 2 848 304 794 265 902 343
898 478 915 360 2 906 420 888 360 925 480
488 182 680 196 1 583 188 486 165 680 210
515 614 543 690 6 532 649 500 613 565 685
213 510 208 549 6 216 534 198 509 234 560
