627 671 716 528 2 672 600 620 523 723 677
762 458 840 327 2 801 393 755 326 848 459
422 572 510 423 2 468 496 416 422 519 570
528 406 662 196 1 598 298 522 184 675 413
384 541 471 395 2 424 467 374 392 474 542
405 458 452 392 0 432 423 407 390 456 456
297 491 358 529 0 1009 12 1009 12 1009 12
329 284 231 444 2 272 368 218 285 326 451
177 417 289 234 2 238 326 171 231 305 422
201 39 129 152 2 157 92 115 32 200 152
120 185 51 293 4 82 240 40 180 124 300
682 482 816 263 1 748 380 660 263 835 498
