1050 324 1075 480 2 1066 402 1044 319 1089 485
992 427 939 33 2 963 232 911 29 1015 434
806 548 922 532 2 863 539 801 520 925 559
935 550 997 539 0 1124 -74 1124 -74 1124 -74
659 323 622 41 2 633 182 594 34 673 330
681 391 695 503 2 690 447 668 385 712 509
653 575 498 596 2 575 583 492 560 658 606
412 362 443 566 2 431 465 404 359 458 571
403 291 375 85 2 392 183 367 76 417 291
343 298 315 89 2 328 193 306 87 349 299
350 363 380 571 2 368 468 343 362 392 573
140 604 113 371 2 124 488 95 369 152 606
101 285 72 79 2 87 175 63 70 111 281
-35 51 21 424 5 -6 241 -47 47 35 434
