823 113 875 229 2 847 174 812 115 883 234
900 295 953 427 2 926 364 894 296 958 433
806 455 756 334 2 782 399 753 336 812 461
739 289 690 168 2 713 231 686 170 740 292
770 470 723 344 2 744 410 715 348 773 471
707 309 654 177 2 680 243 646 173 713 312
533 212 624 174 2 579 196 534 173 624 218
579 505 541 413 2 557 462 531 417 584 507
503 228 546 334 2 525 284 501 231 550 336
352 350 442 576 2 402 470 345 353 458 588
202 514 145 372 2 170 443 135 369 205 516
218 547 273 684 2 248 620 214 547 282 692
163 538 229 702 2 197 623 158 539 235 707
347 453 369 503 0 402 470 345 353 458 588
373 514 389 566 0 402 470 345 353 458 588
342 439 318 389 0 330 420 315 392 346 447
