960 166 830 77 2 889 124 816 77 962 171
782 118 918 216 2 854 172 779 119 930 226
613 -4 737 85 2 674 45 606 -2 743 93
633 219 487 122 2 559 175 481 121 637 230
464 163 594 248 2 532 214 466 166 598 261
357 310 464 390 2 410 354 351 310 468 399
539 440 647 516 2 594 480 532 437 655 523
465 446 618 552 2 548 504 466 447 629 562
331 339 438 422 2 383 384 327 342 438 427
225 474 292 381 2 261 430 223 380 299 481
391 615 498 689 2 444 661 386 618 502 703
355 639 462 715 2 410 686 351 644 468 728
