904 525 942 314 2 922 416 893 311 951 521
854 478 887 307 2 875 392 854 307 896 476
827 668 849 534 2 840 599 824 531 855 668
668 637 788 661 2 727 652 666 636 788 668
675 408 702 272 2 689 341 671 271 708 412
595 621 622 485 2 610 552 593 481 626 622
483 205 444 359 2 463 283 438 204 487 363
441 403 402 575 2 421 490 398 402 443 579
441 189 399 368 2 418 276 393 186 443 365
401 396 365 572 2 381 483 358 394 404 572
274 122 236 299 2 248 210 225 121 271 298
155 375 207 119 1 182 248 140 116 225 380
