791 272 678 226 2 731 246 671 219 791 274
556 213 452 175 2 504 190 450 165 557 215
649 255 777 306 2 715 284 650 254 779 313
744 428 779 341 2 763 384 743 340 784 428
606 398 738 450 2 672 427 604 397 739 457
722 489 594 435 2 656 463 588 433 723 492
411 360 539 413 2 474 389 409 359 540 419
598 391 411 311 1 505 350 407 299 604 402
535 572 669 626 2 604 603 539 572 670 633
518 611 652 665 2 587 643 522 611 652 676
374 502 500 557 2 436 533 372 501 500 565
492 601 352 545 2 421 567 348 535 494 599
