681 599 767 465 2 726 530 681 461 771 600
519 528 433 662 2 475 595 428 525 521 665
546 489 626 353 2 589 419 544 347 635 491
599 314 504 464 2 549 390 498 313 601 467
396 637 474 517 2 438 574 396 513 480 636
571 284 471 222 2 519 252 464 218 574 287
370 156 273 99 2 320 126 265 92 375 160
400 185 327 301 2 363 242 323 182 403 302
437 207 362 323 2 398 269 356 206 439 332
341 369 246 517 2 290 445 236 366 344 523
281 381 201 501 2 238 444 197 384 280 505
228 92 148 210 2 187 155 147 95 227 215
118 267 47 379 2 83 324 43 261 124 387
19 327 160 108 1 90 219 4 99 176 339
