809 116 867 242 2 839 182 809 119 870 245
882 265 935 386 4 916 325 882 260 949 389
870 379 760 112 2 810 243 743 107 877 379
867 451 759 497 2 813 477 758 449 868 505
673 379 720 485 2 697 435 669 381 726 490
669 349 592 160 2 625 248 577 150 673 346
617 366 534 174 2 571 267 522 166 619 369
554 585 663 540 2 608 563 554 537 663 588
511 588 451 434 2 478 512 446 432 511 593
431 390 375 251 2 397 319 363 249 431 389
390 404 333 260 2 354 334 320 260 389 407
219 445 160 301 2 185 369 150 298 219 440
165 466 103 322 2 129 392 94 319 163 464
242 494 301 638 2 273 567 239 494 308 640
