765 347 885 371 2 826 362 768 347 885 376
766 360 881 391 2 822 376 764 359 880 394
898 411 781 379 2 839 396 776 375 902 417
644 343 760 371 2 703 357 645 338 761 376
638 332 591 320 0 954 53 954 53 954 53
584 329 631 339 0 954 53 954 53 954 53
560 315 418 272 2 488 292 415 263 560 322
381 290 295 410 2 335 350 285 284 384 416
74 386 143 348 0 954 53 954 53 954 53
140 326 188 265 0 165 294 140 262 189 325
287 644 197 624 2 240 632 193 617 288 646
245 693 159 668 2 202 679 158 666 246 693
