914 617 923 517 2 919 569 909 518 929 619
903 617 912 514 2 907 569 897 517 917 621
809 346 797 462 2 802 404 787 344 817 464
680 474 692 376 2 686 427 676 376 696 477
666 477 676 383 2 671 431 660 382 682 480
649 478 661 388 2 655 432 644 386 665 478
662 362 673 245 2 668 304 657 245 679 363
626 386 642 269 2 635 328 621 267 649 390
503 431 514 316 2 508 371 497 312 519 430
486 433 501 308 2 492 371 479 306 505 435
520 263 534 129 2 528 196 514 128 543 263
503 260 519 130 2 512 194 497 127 527 261
462 330 472 157 1 466 244 442 155 489 334
411 613 421 487 2 417 550 402 485 431 616
276 558 298 383 5 286 473 263 386 308 561
624 458 631 412 0 968 42 968 42 968 42
711 648 706 701 0 968 42 968 42 968 42
795 475 782 544 3 789 510 779 475 798 545
780 584 769 648 3 775 616 766 586 785 645
751 552 747 630 3 752 588 743 546 762 630
743 552 742 627 3 740 586 731 550 748 622
