776 307 765 433 2 769 372 754 309 785 435
445 417 460 268 2 453 342 437 269 468 415
433 389 447 266 2 438 328 425 265 451 390
453 228 472 75 2 463 151 446 72 479 229
422 184 432 84 2 414 129 400 66 428 192
407 192 420 72 2 414 129 400 66 428 192
393 188 407 68 2 400 128 385 63 415 192
402 397 407 347 0 1001 18 1001 18 1001 18
411 321 416 259 0 1001 18 1001 18 1001 18
393 397 399 347 0 1001 18 1001 18 1001 18
399 314 406 266 0 1001 18 1001 18 1001 18
383 394 390 341 0 1001 18 1001 18 1001 18
391 310 393 265 0 1001 18 1001 18 1001 18
357 559 366 464 2 362 513 351 464 374 561
350 696 354 642 0 1001 18 1001 18 1001 18
267 408 256 517 2 258 462 249 410 268 514
207 535 227 346 5 215 439 189 341 242 536
89 509 127 177 5 113 341 70 176 156 507
