426 306 606 303 1 515 301 425 284 606 317
935 300 826 303 2 878 302 825 295 932 309
985 320 818 326 2 903 321 818 309 988 334
626 319 755 316 2 687 316 621 309 753 323
621 331 752 330 2 689 333 621 326 756 340
825 363 974 359 2 898 361 822 352 974 369
820 380 957 379 2 888 378 818 370 957 385
642 370 768 368 2 706 366 640 356 772 375
637 388 766 381 2 701 385 637 377 766 393
624 403 765 401 2 696 402 628 396 765 409
702 501 848 493 2 778 496 702 483 855 509
705 521 853 514 2 778 515 702 504 853 527
868 551 736 552 2 798 547 733 536 864 558
887 570 733 573 2 809 572 733 560 886 584
553 713 622 712 3 587 712 550 703 624 721
458 682 544 682 3 493 681 446 672 540 691
511 579 578 582 3 547 579 508 570 585 588
511 595 587 598 3 549 595 508 586 590 603
525 606 581 606 3 554 605 519 597 590 614
640 557 708 554 3 676 553 641 545 711 560
