194 226 359 248 5 275 237 187 214 363 260
135 358 294 370 1 213 365 133 348 294 382
480 413 642 429 1 562 422 480 403 644 442
310 403 442 415 2 373 411 308 399 437 423
481 456 607 465 2 545 460 482 446 607 474
305 434 438 446 2 373 441 308 431 438 452
472 473 607 486 2 536 481 469 467 604 496
355 573 477 589 2 418 582 359 568 478 596
387 608 501 620 2 441 615 382 604 501 626
271 596 362 608 2 314 601 268 592 359 611
268 611 362 626 2 316 617 264 605 367 630
316 711 384 721 3 356 718 322 709 390 728
219 705 294 714 3 260 705 228 694 292 716
179 603 250 623 3 222 615 187 606 256 623
