575 157 775 177 1 675 167 572 143 777 191
257 105 399 117 2 327 110 254 96 399 125
655 208 804 224 2 730 218 654 203 807 233
654 231 801 246 2 726 240 650 224 803 255
459 191 604 202 2 530 195 456 181 604 209
466 210 597 221 2 532 220 463 208 600 232
515 351 643 362 2 582 356 514 344 650 369
542 389 670 403 2 605 393 540 380 671 407
412 375 514 389 2 459 379 407 371 510 387
411 392 520 402 2 465 400 411 388 520 413
417 410 521 421 2 469 418 414 403 524 432
562 553 428 538 2 496 545 430 532 562 558
254 660 363 671 2 310 663 254 654 367 672
257 675 362 683 2 304 680 247 671 362 689
336 523 401 537 3 373 532 336 520 411 545
223 515 292 526 3 256 519 222 509 291 529
