811 661 811 562 2 813 611 805 560 820 663
800 660 798 566 2 798 613 791 562 805 663
684 402 683 518 2 684 462 675 403 694 521
568 540 572 449 2 571 497 564 449 578 545
554 548 559 457 2 559 501 550 457 567 546
541 548 543 462 2 540 501 534 458 547 545
541 433 542 315 2 543 377 538 318 549 436
509 463 511 347 2 511 405 501 345 521 464
396 352 397 220 2 395 286 388 219 403 353
378 350 380 219 2 381 284 373 219 389 349
391 515 395 399 2 395 455 388 399 401 512
378 522 375 399 2 377 461 369 396 385 526
341 423 341 252 1 337 341 321 252 354 430
318 705 318 577 2 320 641 311 577 328 705
184 660 188 494 5 186 578 171 490 202 666
648 623 652 682 3 649 650 641 612 656 688
