894 297 1029 323 2 958 309 888 292 1028 327
889 314 1026 337 2 958 324 889 311 1026 337
897 332 1003 353 2 952 345 897 329 1007 361
471 227 581 248 2 526 242 471 224 581 259
845 365 1014 397 2 933 380 843 356 1023 405
660 326 802 353 2 728 342 658 325 799 358
635 345 792 369 2 714 359 632 336 795 382
723 723 585 703 2 658 714 584 692 731 736
727 97 511 61 5 619 79 511 46 728 112
635 669 721 689 3 678 679 635 666 721 693
599 671 518 656 3 563 663 524 651 601 675
477 683 567 702 3 522 690 480 678 564 702
