827 169 823 336 2 826 253 812 169 839 338
805 191 799 336 2 803 263 791 189 814 336
760 366 762 201 2 761 286 750 201 773 371
739 367 736 198 2 738 286 726 200 750 372
603 230 610 80 2 612 154 600 77 624 231
588 218 597 51 2 592 136 580 51 603 221
621 446 627 293 2 624 369 613 292 635 446
603 435 610 291 2 606 361 596 287 616 435
585 430 585 279 2 585 354 570 280 600 429
552 43 548 223 2 548 130 531 38 565 222
530 98 523 211 2 524 155 512 96 537 215
540 450 546 294 2 545 369 535 293 555 444
524 444 531 298 2 527 371 518 296 537 446
494 675 502 465 1 497 570 477 462 517 677
